0001_0242_0063_0138_0138.jpg 1 242 63 138 138
0002_0386_0191_0083_0083.jpg 1 386 191 83 83
0003_0296_0067_0277_0277.jpg 1 296 67 277 277
0004_0223_0171_0105_0105.jpg 1 223 171 105 105
0005_0163_0151_0157_0157.jpg 1 163 151 157 157
0006_0152_0036_0178_0178.jpg 1 152 36 178 178
0007_0273_0044_0124_0124.jpg 1 273 44 124 124
0008_0322_0167_0146_0146.jpg 1 322 167 146 146
0009_0399_0172_0097_0097.jpg 1 399 172 97 97
0010_0178_0069_0261_0261.jpg 1 178 69 261 261
0011_0054_0046_0219_0219.jpg 1 54 46 219 219
0012_0267_0189_0139_0139.jpg 1 267 189 139 139
0013_0362_0063_0132_0132.jpg 1 362 63 132 132
0014_0067_0024_0174_0174.jpg 1 67 24 174 174
0015_0503_0191_0027_0027.jpg 1 503 191 27 27
0016_0061_0110_0263_0263.jpg 1 61 110 263 263
0017_0182_0099_0182_0182.jpg 1 182 99 182 182
0018_0257_0070_0241_0241.jpg 1 257 70 241 241
0019_0391_0235_0123_0123.jpg 1 391 235 123 123
0020_0247_0236_0060_0060.jpg 1 247 236 60 60
0021_0042_0090_0230_0230.jpg 1 42 90 230 230
0022_0251_0168_0165_0165.jpg 1 251 168 165 165
0023_0372_0095_0202_0202.jpg 1 372 95 202 202
0024_0231_0196_0168_0168.jpg 1 231 196 168 168
0025_0431_0140_0082_0082.jpg 1 431 140 82 82
0026_0225_0140_0233_0233.jpg 1 225 140 233 233
0027_0260_0093_0153_0153.jpg 1 260 93 153 153
0028_0275_0040_0257_0257.jpg 1 275 40 257 257
0029_0360_0063_0048_0048.jpg 1 360 63 48 48
0030_0398_0128_0148_0148.jpg 1 398 128 148 148
0031_0155_0078_0247_0247.jpg 1 155 78 247 247
0032_0264_0288_0029_0029.jpg 1 264 288 29 29
0033_0199_0056_0255_0255.jpg 1 199 56 255 255
0034_0237_0154_0129_0129.jpg 1 237 154 129 129
0035_0167_0156_0164_0164.jpg 1 167 156 164 164
0036_0486_0276_0071_0071.jpg 1 486 276 71 71
0037_0503_0220_0070_0070.jpg 1 503 220 70 70
