0001_0233_0090_0272_0272.jpg 1 233 90 272 272
0002_0129_0056_0261_0261.jpg 1 129 56 261 261
0003_0129_0144_0056_0056.jpg 1 129 144 56 56
0004_0120_0205_0164_0164.jpg 1 120 205 164 164
0005_0244_0078_0267_0267.jpg 1 244 78 267 267
0006_0197_0194_0155_0155.jpg 1 197 194 155 155
0007_0320_0150_0217_0217.jpg 1 320 150 217 217
0008_0147_0051_0244_0244.jpg 1 147 51 244 244
0009_0176_0098_0263_0263.jpg 1 176 98 263 263
0010_0279_0196_0051_0051.jpg 1 279 196 51 51
0011_0199_0124_0214_0214.jpg 1 199 124 214 214
0012_0177_0044_0201_0201.jpg 1 177 44 201 201
0013_0054_0071_0268_0268.jpg 1 54 71 268 268
0014_0321_0069_0204_0204.jpg 1 321 69 204 204
0015_0244_0105_0233_0233.jpg 1 244 105 233 233
0016_0209_0109_0263_0263.jpg 1 209 109 263 263
0017_0367_0166_0032_0032.jpg 1 367 166 32 32
0018_0133_0270_0094_0094.jpg 1 133 270 94 94
0019_0153_0026_0267_0267.jpg 1 153 26 267 267
0020_0161_0042_0259_0259.jpg 1 161 42 259 259
0021_0393_0171_0117_0117.jpg 1 393 171 117 117
0022_0357_0175_0162_0162.jpg 1 357 175 162 162
0023_0316_0113_0196_0196.jpg 1 316 113 196 196
0024_0242_0030_0203_0203.jpg 1 242 30 203 203
0025_0195_0084_0212_0212.jpg 1 195 84 212 212
0026_0232_0060_0257_0257.jpg 1 232 60 257 257
0027_0248_0211_0044_0044.jpg 1 248 211 44 44
0028_0253_0069_0133_0133.jpg 1 253 69 133 133
0029_0216_0115_0224_0224.jpg 1 216 115 224 224
0030_0416_0203_0149_0149.jpg 1 416 203 149 149
0031_0234_0093_0187_0187.jpg 1 234 93 187 187
0032_0414_0077_0118_0118.jpg 1 414 77 118 118
0033_0244_0215_0039_0039.jpg 1 244 215 39 39
0034_0389_0229_0105_0105.jpg 1 389 229 105 105
0035_0282_0131_0127_0127.jpg 1 282 131 127 127
0036_0257_0102_0233_0233.jpg 1 257 102 233 233
0037_0237_0085_0196_0196.jpg 1 237 85 196 196
