0001_0409_0328_0032_0032.jpg 1 409 328 32 32
0002_0165_0070_0277_0277.jpg 1 165 70 277 277
0003_0391_0199_0147_0147.jpg 1 391 199 147 147
0004_0274_0283_0059_0059.jpg 1 274 283 59 59
0005_0385_0102_0024_0024.jpg 1 385 102 24 24
0006_0151_0091_0091_0091.jpg 1 151 91 91 91
0007_0263_0062_0251_0251.jpg 1 263 62 251 251
0008_0431_0198_0055_0055.jpg 1 431 198 55 55
0009_0178_0162_0188_0188.jpg 1 178 162 188 188
0010_0339_0163_0094_0094.jpg 1 339 163 94 94
0011_0248_0142_0149_0149.jpg 1 248 142 149 149
0012_0100_0233_0098_0098.jpg 1 100 233 98 98
0013_0394_0058_0161_0161.jpg 1 394 58 161 161
0014_0120_0312_0041_0041.jpg 1 120 312 41 41
0015_0173_0221_0049_0049.jpg 1 173 221 49 49
0016_0157_0094_0108_0108.jpg 1 157 94 108 108
0017_0314_0065_0195_0195.jpg 1 314 65 195 195
0018_0411_0132_0081_0081.jpg 1 411 132 81 81
0019_0103_0067_0150_0150.jpg 1 103 67 150 150
0020_0302_0270_0090_0090.jpg 1 302 270 90 90
0021_0239_0211_0147_0147.jpg 1 239 211 147 147
0022_0072_0156_0212_0212.jpg 1 72 156 212 212
0023_0106_0031_0150_0150.jpg 1 106 31 150 150
0024_0167_0083_0184_0184.jpg 1 167 83 184 184
0025_0121_0142_0118_0118.jpg 1 121 142 118 118
0026_0401_0099_0168_0168.jpg 1 401 99 168 168
0027_0122_0075_0223_0223.jpg 1 122 75 223 223
0028_0168_0110_0110_0110.jpg 1 168 110 110 110
0029_0253_0052_0053_0053.jpg 1 253 52 53 53
0030_0070_0133_0140_0140.jpg 1 70 133 140 140
0031_0330_0165_0114_0114.jpg 1 330 165 114 114
0032_0350_0207_0092_0092.jpg 1 350 207 92 92
0033_0240_0162_0071_0071.jpg 1 240 162 71 71
0034_0219_0077_0250_0250.jpg 1 219 77 250 250
0035_0324_0125_0234_0234.jpg 1 324 125 234 234
0036_0525_0245_0024_0024.jpg 1 525 245 24 24
0037_0250_0123_0185_0185.jpg 1 250 123 185 185
0038_0301_0070_0268_0268.jpg 1 301 70 268 268
