0001_0296_0072_0229_0229.jpg 1 296 72 229 229
0002_0445_0271_0034_0034.jpg 1 445 271 34 34
0003_0081_0076_0176_0176.jpg 1 81 76 176 176
0004_0248_0066_0237_0237.jpg 1 248 66 237 237
0005_0236_0035_0159_0159.jpg 1 236 35 159 159
0006_0099_0037_0237_0237.jpg 1 99 37 237 237
0007_0245_0078_0260_0260.jpg 1 245 78 260 260
0008_0327_0036_0214_0214.jpg 1 327 36 214 214
0009_0051_0062_0210_0210.jpg 1 51 62 210 210
0010_0116_0040_0256_0256.jpg 1 116 40 256 256
0011_0142_0208_0064_0064.jpg 1 142 208 64 64
0012_0495_0134_0049_0049.jpg 1 495 134 49 49
0013_0313_0206_0147_0147.jpg 1 313 206 147 147
0014_0167_0107_0077_0077.jpg 1 167 107 77 77
0015_0073_0233_0129_0129.jpg 1 73 233 129 129
0016_0118_0182_0067_0067.jpg 1 118 182 67 67
0017_0490_0077_0035_0035.jpg 1 490 77 35 35
0018_0089_0027_0264_0264.jpg 1 89 27 264 264
0019_0199_0275_0082_0082.jpg 1 199 275 82 82
0020_0161_0177_0143_0143.jpg 1 161 177 143 143
0021_0330_0093_0027_0027.jpg 1 330 93 27 27
0022_0220_0136_0147_0147.jpg 1 220 136 147 147
0023_0131_0059_0263_0263.jpg 1 131 59 263 263
0024_0147_0150_0183_0183.jpg 1 147 150 183 183
0025_0251_0033_0259_0259.jpg 1 251 33 259 259
0026_0087_0066_0042_0042.jpg 1 87 66 42 42
0027_0341_0115_0125_0125.jpg 1 341 115 125 125
0028_0134_0168_0142_0142.jpg 1 134 168 142 142
0029_0181_0062_0219_0219.jpg 1 181 62 219 219
0030_0115_0076_0266_0266.jpg 1 115 76 266 266
0031_0044_0096_0270_0270.jpg 1 44 96 270 270
0032_0108_0209_0106_0106.jpg 1 108 209 106 106
0033_0274_0201_0143_0143.jpg 1 274 201 143 143
0034_0490_0285_0081_0081.jpg 1 490 285 81 81
0035_0104_0132_0220_0220.jpg 1 104 132 220 220
0036_0250_0108_0083_0083.jpg 1 250 108 83 83
0037_0300_0112_0201_0201.jpg 1 300 112 201 201
