0001_0049_0079_0157_0157.jpg 1 49 79 157 157
0002_0329_0209_0155_0155.jpg 1 329 209 155 155
0003_0454_0043_0132_0132.jpg 1 454 43 132 132
0004_0433_0156_0036_0036.jpg 1 433 156 36 36
0005_0202_0191_0028_0028.jpg 1 202 191 28 28
0006_0079_0078_0145_0145.jpg 1 79 78 145 145
0007_0212_0083_0058_0058.jpg 1 212 83 58 58
0008_0115_0063_0262_0262.jpg 1 115 63 262 262
0009_0389_0086_0107_0107.jpg 1 389 86 107 107
0010_0290_0210_0062_0062.jpg 1 290 210 62 62
0011_0277_0087_0276_0276.jpg 1 277 87 276 276
0012_0350_0257_0108_0108.jpg 1 350 257 108 108
0013_0186_0148_0121_0121.jpg 1 186 148 121 121
0014_0055_0049_0228_0228.jpg 1 55 49 228 228
0015_0305_0165_0135_0135.jpg 1 305 165 135 135
0016_0346_0221_0077_0077.jpg 1 346 221 77 77
0017_0233_0136_0078_0078.jpg 1 233 136 78 78
0018_0046_0097_0279_0279.jpg 1 46 97 279 279
0019_0328_0117_0108_0108.jpg 1 328 117 108 108
0020_0120_0151_0217_0217.jpg 1 120 151 217 217
0021_0053_0034_0258_0258.jpg 1 53 34 258 258
0022_0283_0124_0188_0188.jpg 1 283 124 188 188
0023_0263_0028_0229_0229.jpg 1 263 28 229 229
0024_0105_0163_0113_0113.jpg 1 105 163 113 113
0025_0162_0125_0081_0081.jpg 1 162 125 81 81
0026_0107_0150_0210_0210.jpg 1 107 150 210 210
0027_0372_0158_0189_0189.jpg 1 372 158 189 189
0028_0419_0075_0084_0084.jpg 1 419 75 84 84
0029_0175_0029_0258_0258.jpg 1 175 29 258 258
0030_0398_0057_0196_0196.jpg 1 398 57 196 196
0031_0223_0090_0189_0189.jpg 1 223 90 189 189
0032_0367_0078_0218_0218.jpg 1 367 78 218 218
0033_0391_0095_0129_0129.jpg 1 391 95 129 129
0034_0208_0020_0259_0259.jpg 1 208 20 259 259
0035_0489_0269_0040_0040.jpg 1 489 269 40 40
0036_0476_0206_0103_0103.jpg 1 476 206 103 103
0037_0179_0125_0190_0190.jpg 1 179 125 190 190
