0001_0083_0152_0205_0205.jpg 1 83 152 205 205
0002_0451_0067_0125_0125.jpg 1 451 67 125 125
0003_0224_0210_0162_0162.jpg 1 224 210 162 162
0004_0085_0039_0127_0127.jpg 1 85 39 127 127
0005_0241_0202_0155_0155.jpg 1 241 202 155 155
0006_0106_0150_0188_0188.jpg 1 106 150 188 188
0007_0434_0262_0065_0065.jpg 1 434 262 65 65
0008_0362_0158_0082_0082.jpg 1 362 158 82 82
0009_0088_0054_0151_0151.jpg 1 88 54 151 151
0010_0234_0087_0275_0275.jpg 1 234 87 275 275
0011_0312_0149_0070_0070.jpg 1 312 149 70 70
0012_0210_0096_0205_0205.jpg 1 210 96 205 205
0013_0323_0079_0201_0201.jpg 1 323 79 201 201
0014_0209_0061_0245_0245.jpg 1 209 61 245 245
0015_0180_0091_0146_0146.jpg 1 180 91 146 146
0016_0213_0175_0077_0077.jpg 1 213 175 77 77
0017_0399_0143_0190_0190.jpg 1 399 143 190 190
0018_0274_0027_0244_0244.jpg 1 274 27 244 244
0019_0289_0095_0208_0208.jpg 1 289 95 208 208
0020_0209_0176_0170_0170.jpg 1 209 176 170 170
0021_0324_0063_0248_0248.jpg 1 324 63 248 248
0022_0179_0159_0031_0031.jpg 1 179 159 31 31
0023_0443_0264_0089_0089.jpg 1 443 264 89 89
0024_0464_0178_0047_0047.jpg 1 464 178 47 47
0025_0267_0081_0028_0028.jpg 1 267 81 28 28
0026_0141_0070_0208_0208.jpg 1 141 70 208 208
0027_0198_0227_0080_0080.jpg 1 198 227 80 80
0028_0446_0267_0059_0059.jpg 1 446 267 59 59
0029_0195_0046_0246_0246.jpg 1 195 46 246 246
0030_0363_0079_0217_0217.jpg 1 363 79 217 217
0031_0301_0117_0118_0118.jpg 1 301 117 118 118
0032_0205_0078_0107_0107.jpg 1 205 78 107 107
0033_0364_0236_0134_0134.jpg 1 364 236 134 134
0034_0411_0112_0034_0034.jpg 1 411 112 34 34
0035_0453_0115_0036_0036.jpg 1 453 115 36 36
0036_0200_0091_0030_0030.jpg 1 200 91 30 30
0037_0099_0109_0164_0164.jpg 1 99 109 164 164
0038_0047_0103_0256_0256.jpg 1 47 103 256 256
