0001_0044_0100_0267_0267.jpg 1 44 100 267 267
0002_0408_0130_0165_0165.jpg 1 408 130 165 165
0003_0089_0143_0147_0147.jpg 1 89 143 147 147
0004_0193_0140_0232_0232.jpg 1 193 140 232 232
0005_0073_0048_0245_0245.jpg 1 73 48 245 245
0006_0229_0027_0172_0172.jpg 1 229 27 172 172
0007_0212_0213_0159_0159.jpg 1 212 213 159 159
0008_0114_0193_0125_0125.jpg 1 114 193 125 125
0009_0446_0226_0119_0119.jpg 1 446 226 119 119
0010_0431_0217_0136_0136.jpg 1 431 217 136 136
0011_0459_0056_0038_0038.jpg 1 459 56 38 38
0012_0281_0037_0275_0275.jpg 1 281 37 275 275
0013_0073_0133_0094_0094.jpg 1 73 133 94 94
0014_0334_0143_0195_0195.jpg 1 334 143 195 195
0015_0181_0225_0133_0133.jpg 1 181 225 133 133
0016_0394_0109_0162_0162.jpg 1 394 109 162 162
0017_0134_0083_0248_0248.jpg 1 134 83 248 248
0018_0495_0047_0089_0089.jpg 1 495 47 89 89
0019_0165_0028_0256_0256.jpg 1 165 28 256 256
0020_0038_0085_0272_0272.jpg 1 38 85 272 272
0021_0073_0075_0259_0259.jpg 1 73 75 259 259
0022_0195_0177_0065_0065.jpg 1 195 177 65 65
0023_0051_0150_0198_0198.jpg 1 51 150 198 198
0024_0321_0090_0174_0174.jpg 1 321 90 174 174
0025_0152_0088_0150_0150.jpg 1 152 88 150 150
0026_0153_0141_0234_0234.jpg 1 153 141 234 234
0027_0074_0089_0164_0164.jpg 1 74 89 164 164
0028_0337_0043_0249_0249.jpg 1 337 43 249 249
0029_0274_0068_0221_0221.jpg 1 274 68 221 221
0030_0172_0148_0187_0187.jpg 1 172 148 187 187
0031_0138_0114_0126_0126.jpg 1 138 114 126 126
0032_0335_0171_0113_0113.jpg 1 335 171 113 113
0033_0238_0077_0139_0139.jpg 1 238 77 139 139
0034_0105_0221_0142_0142.jpg 1 105 221 142 142
0035_0256_0066_0237_0237.jpg 1 256 66 237 237
0036_0069_0094_0266_0266.jpg 1 69 94 266 266
0037_0106_0134_0123_0123.jpg 1 106 134 123 123
0038_0251_0167_0072_0072.jpg 1 251 167 72 72
