0001_0254_0083_0056_0056.jpg 1 254 83 56 56
0002_0325_0028_0267_0267.jpg 1 325 28 267 267
0003_0311_0059_0158_0158.jpg 1 311 59 158 158
0004_0261_0027_0163_0163.jpg 1 261 27 163 163
0005_0439_0121_0101_0101.jpg 1 439 121 101 101
0006_0405_0127_0100_0100.jpg 1 405 127 100 100
0007_0340_0163_0148_0148.jpg 1 340 163 148 148
0008_0164_0090_0253_0253.jpg 1 164 90 253 253
0009_0350_0130_0179_0179.jpg 1 350 130 179 179
0010_0127_0065_0168_0168.jpg 1 127 65 168 168
0011_0370_0045_0217_0217.jpg 1 370 45 217 217
0012_0421_0054_0120_0120.jpg 1 421 54 120 120
0013_0403_0134_0167_0167.jpg 1 403 134 167 167
0014_0225_0067_0190_0190.jpg 1 225 67 190 190
0015_0329_0080_0165_0165.jpg 1 329 80 165 165
0016_0249_0204_0035_0035.jpg 1 249 204 35 35
0017_0177_0235_0027_0027.jpg 1 177 235 27 27
0018_0220_0036_0083_0083.jpg 1 220 36 83 83
0019_0220_0034_0251_0251.jpg 1 220 34 251 251
0020_0327_0243_0121_0121.jpg 1 327 243 121 121
0021_0061_0292_0060_0060.jpg 1 61 292 60 60
0022_0433_0269_0091_0091.jpg 1 433 269 91 91
0023_0046_0090_0246_0246.jpg 1 46 90 246 246
0024_0304_0118_0116_0116.jpg 1 304 118 116 116
0025_0193_0050_0227_0227.jpg 1 193 50 227 227
0026_0190_0139_0207_0207.jpg 1 190 139 207 207
0027_0188_0088_0232_0232.jpg 1 188 88 232 232
0028_0385_0040_0055_0055.jpg 1 385 40 55 55
0029_0268_0141_0239_0239.jpg 1 268 141 239 239
0030_0405_0196_0153_0153.jpg 1 405 196 153 153
0031_0344_0182_0155_0155.jpg 1 344 182 155 155
0032_0286_0036_0204_0204.jpg 1 286 36 204 204
0033_0276_0056_0222_0222.jpg 1 276 56 222 222
0034_0135_0034_0256_0256.jpg 1 135 34 256 256
0035_0170_0057_0245_0245.jpg 1 170 57 245 245
0036_0314_0104_0246_0246.jpg 1 314 104 246 246
0037_0346_0058_0229_0229.jpg 1 346 58 229 229
0038_0202_0020_0208_0208.jpg 1 202 20 208 208
