0001_0308_0091_0161_0161.jpg 1 308 91 161 161
0002_0174_0209_0071_0071.jpg 1 174 209 71 71
0003_0319_0194_0155_0155.jpg 1 319 194 155 155
0004_0384_0047_0199_0199.jpg 1 384 47 199 199
0005_0262_0221_0089_0089.jpg 1 262 221 89 89
0006_0144_0147_0153_0153.jpg 1 144 147 153 153
0007_0171_0060_0087_0087.jpg 1 171 60 87 87
0008_0144_0202_0099_0099.jpg 1 144 202 99 99
0009_0069_0104_0244_0244.jpg 1 69 104 244 244
0010_0174_0183_0129_0129.jpg 1 174 183 129 129
0011_0392_0213_0086_0086.jpg 1 392 213 86 86
0012_0223_0052_0268_0268.jpg 1 223 52 268 268
0013_0224_0113_0208_0208.jpg 1 224 113 208 208
0014_0125_0224_0028_0028.jpg 1 125 224 28 28
0015_0163_0055_0092_0092.jpg 1 163 55 92 92
0016_0410_0046_0072_0072.jpg 1 410 46 72 72
0017_0185_0135_0159_0159.jpg 1 185 135 159 159
0018_0293_0213_0087_0087.jpg 1 293 213 87 87
0019_0437_0155_0073_0073.jpg 1 437 155 73 73
0020_0361_0099_0135_0135.jpg 1 361 99 135 135
0021_0276_0190_0187_0187.jpg 1 276 190 187 187
0022_0203_0050_0131_0131.jpg 1 203 50 131 131
0023_0273_0119_0085_0085.jpg 1 273 119 85 85
0024_0421_0272_0030_0030.jpg 1 421 272 30 30
0025_0265_0281_0062_0062.jpg 1 265 281 62 62
0026_0424_0151_0111_0111.jpg 1 424 151 111 111
0027_0289_0090_0183_0183.jpg 1 289 90 183 183
0028_0250_0072_0129_0129.jpg 1 250 72 129 129
0029_0452_0286_0051_0051.jpg 1 452 286 51 51
0030_0262_0105_0259_0259.jpg 1 262 105 259 259
0031_0191_0122_0111_0111.jpg 1 191 122 111 111
0032_0106_0140_0172_0172.jpg 1 106 140 172 172
0033_0275_0123_0144_0144.jpg 1 275 123 144 144
0034_0257_0236_0087_0087.jpg 1 257 236 87 87
0035_0328_0163_0208_0208.jpg 1 328 163 208 208
0036_0052_0070_0118_0118.jpg 1 52 70 118 118
0037_0376_0085_0190_0190.jpg 1 376 85 190 190
