0001_0119_0112_0195_0195.jpg 1 119 112 195 195
0002_0107_0062_0206_0206.jpg 1 107 62 206 206
0003_0304_0061_0237_0237.jpg 1 304 61 237 237
0004_0093_0085_0039_0039.jpg 1 93 85 39 39
0005_0114_0062_0168_0168.jpg 1 114 62 168 168
0006_0396_0226_0118_0118.jpg 1 396 226 118 118
0007_0179_0083_0251_0251.jpg 1 179 83 251 251
0008_0247_0055_0231_0231.jpg 1 247 55 231 231
0009_0090_0149_0224_0224.jpg 1 90 149 224 224
0010_0276_0205_0167_0167.jpg 1 276 205 167 167
0011_0367_0042_0229_0229.jpg 1 367 42 229 229
0012_0243_0093_0049_0049.jpg 1 243 93 49 49
0013_0396_0134_0116_0116.jpg 1 396 134 116 116
0014_0414_0045_0159_0159.jpg 1 414 45 159 159
0015_0105_0146_0028_0028.jpg 1 105 146 28 28
0016_0047_0092_0240_0240.jpg 1 47 92 240 240
0017_0228_0109_0054_0054.jpg 1 228 109 54 54
0018_0064_0055_0251_0251.jpg 1 64 55 251 251
0019_0078_0106_0202_0202.jpg 1 78 106 202 202
0020_0264_0017_0262_0262.jpg 1 264 17 262 262
0021_0395_0096_0027_0027.jpg 1 395 96 27 27
0022_0197_0093_0185_0185.jpg 1 197 93 185 185
0023_0427_0272_0078_0078.jpg 1 427 272 78 78
0024_0378_0036_0049_0049.jpg 1 378 36 49 49
0025_0077_0227_0103_0103.jpg 1 77 227 103 103
0026_0393_0099_0140_0140.jpg 1 393 99 140 140
0027_0370_0118_0182_0182.jpg 1 370 118 182 182
0028_0456_0074_0093_0093.jpg 1 456 74 93 93
0029_0383_0065_0149_0149.jpg 1 383 65 149 149
0030_0227_0143_0118_0118.jpg 1 227 143 118 118
0031_0358_0139_0224_0224.jpg 1 358 139 224 224
0032_0247_0233_0077_0077.jpg 1 247 233 77 77
0033_0151_0178_0129_0129.jpg 1 151 178 129 129
0034_0054_0171_0101_0101.jpg 1 54 171 101 101
0035_0219_0062_0047_0047.jpg 1 219 62 47 47
0036_0073_0148_0215_0215.jpg 1 73 148 215 215
0037_0138_0027_0187_0187.jpg 1 138 27 187 187
