0001_0083_0153_0222_0222.jpg 1 83 153 222 222
0002_0197_0101_0190_0190.jpg 1 197 101 190 190
0003_0254_0123_0134_0134.jpg 1 254 123 134 134
0004_0227_0259_0037_0037.jpg 1 227 259 37 37
0005_0285_0086_0242_0242.jpg 1 285 86 242 242
0006_0079_0158_0073_0073.jpg 1 79 158 73 73
0007_0165_0173_0207_0207.jpg 1 165 173 207 207
0008_0145_0074_0200_0200.jpg 1 145 74 200 200
0009_0347_0174_0105_0105.jpg 1 347 174 105 105
0010_0254_0111_0257_0257.jpg 1 254 111 257 257
0011_0066_0105_0278_0278.jpg 1 66 105 278 278
0012_0230_0180_0113_0113.jpg 1 230 180 113 113
0013_0124_0088_0269_0269.jpg 1 124 88 269 269
0014_0083_0063_0184_0184.jpg 1 83 63 184 184
0015_0157_0169_0186_0186.jpg 1 157 169 186 186
0016_0138_0050_0102_0102.jpg 1 138 50 102 102
0017_0309_0133_0231_0231.jpg 1 309 133 231 231
0018_0070_0201_0037_0037.jpg 1 70 201 37 37
0019_0373_0111_0213_0213.jpg 1 373 111 213 213
0020_0132_0207_0150_0150.jpg 1 132 207 150 150
0021_0423_0099_0131_0131.jpg 1 423 99 131 131
0022_0210_0079_0222_0222.jpg 1 210 79 222 222
0023_0068_0058_0276_0276.jpg 1 68 58 276 276
0024_0153_0056_0221_0221.jpg 1 153 56 221 221
0025_0144_0216_0100_0100.jpg 1 144 216 100 100
0026_0156_0169_0099_0099.jpg 1 156 169 99 99
0027_0103_0177_0128_0128.jpg 1 103 177 128 128
0028_0323_0022_0260_0260.jpg 1 323 22 260 260
0029_0193_0126_0153_0153.jpg 1 193 126 153 153
0030_0143_0268_0035_0035.jpg 1 143 268 35 35
0031_0474_0180_0024_0024.jpg 1 474 180 24 24
0032_0455_0178_0067_0067.jpg 1 455 178 67 67
0033_0395_0184_0145_0145.jpg 1 395 184 145 145
0034_0391_0181_0078_0078.jpg 1 391 181 78 78
0035_0048_0097_0244_0244.jpg 1 48 97 244 244
0036_0483_0301_0057_0057.jpg 1 483 301 57 57
0037_0278_0176_0157_0157.jpg 1 278 176 157 157
0038_0474_0212_0039_0039.jpg 1 474 212 39 39
