0001_0185_0105_0167_0167.jpg 1 185 105 167 167
0002_0137_0126_0248_0248.jpg 1 137 126 248 248
0003_0206_0139_0190_0190.jpg 1 206 139 190 190
0004_0151_0140_0130_0130.jpg 1 151 140 130 130
0005_0217_0216_0069_0069.jpg 1 217 216 69 69
0006_0389_0106_0125_0125.jpg 1 389 106 125 125
0007_0068_0136_0037_0037.jpg 1 68 136 37 37
0008_0164_0146_0160_0160.jpg 1 164 146 160 160
0009_0086_0126_0194_0194.jpg 1 86 126 194 194
0010_0217_0231_0123_0123.jpg 1 217 231 123 123
0011_0299_0048_0125_0125.jpg 1 299 48 125 125
0012_0145_0121_0255_0255.jpg 1 145 121 255 255
0013_0206_0037_0277_0277.jpg 1 206 37 277 277
0014_0153_0035_0265_0265.jpg 1 153 35 265 265
0015_0102_0063_0134_0134.jpg 1 102 63 134 134
0016_0194_0289_0054_0054.jpg 1 194 289 54 54
0017_0168_0158_0050_0050.jpg 1 168 158 50 50
0018_0093_0220_0101_0101.jpg 1 93 220 101 101
0019_0308_0121_0263_0263.jpg 1 308 121 263 263
0020_0292_0057_0167_0167.jpg 1 292 57 167 167
0021_0220_0045_0279_0279.jpg 1 220 45 279 279
0022_0202_0084_0143_0143.jpg 1 202 84 143 143
0023_0102_0098_0235_0235.jpg 1 102 98 235 235
0024_0341_0117_0147_0147.jpg 1 341 117 147 147
0025_0478_0305_0059_0059.jpg 1 478 305 59 59
0026_0140_0102_0131_0131.jpg 1 140 102 131 131
0027_0345_0040_0031_0031.jpg 1 345 40 31 31
0028_0241_0052_0262_0262.jpg 1 241 52 262 262
0029_0313_0034_0244_0244.jpg 1 313 34 244 244
0030_0085_0074_0124_0124.jpg 1 85 74 124 124
0031_0290_0103_0222_0222.jpg 1 290 103 222 222
0032_0089_0119_0038_0038.jpg 1 89 119 38 38
0033_0318_0071_0182_0182.jpg 1 318 71 182 182
0034_0199_0088_0225_0225.jpg 1 199 88 225 225
0035_0373_0062_0121_0121.jpg 1 373 62 121 121
0036_0196_0083_0087_0087.jpg 1 196 83 87 87
0037_0061_0187_0099_0099.jpg 1 61 187 99 99
