0001_0079_0161_0028_0028.jpg 1 79 161 28 28
0002_0174_0133_0231_0231.jpg 1 174 133 231 231
0003_0085_0021_0249_0249.jpg 1 85 21 249 249
0004_0255_0026_0273_0273.jpg 1 255 26 273 273
0005_0239_0141_0078_0078.jpg 1 239 141 78 78
0006_0377_0153_0187_0187.jpg 1 377 153 187 187
0007_0057_0150_0178_0178.jpg 1 57 150 178 178
0008_0197_0200_0130_0130.jpg 1 197 200 130 130
0009_0094_0105_0249_0249.jpg 1 94 105 249 249
0010_0137_0074_0125_0125.jpg 1 137 74 125 125
0011_0240_0230_0063_0063.jpg 1 240 230 63 63
0012_0335_0064_0129_0129.jpg 1 335 64 129 129
0013_0151_0020_0278_0278.jpg 1 151 20 278 278
0014_0062_0155_0209_0209.jpg 1 62 155 209 209
0015_0464_0158_0046_0046.jpg 1 464 158 46 46
0016_0087_0127_0243_0243.jpg 1 87 127 243 243
0017_0367_0081_0165_0165.jpg 1 367 81 165 165
0018_0175_0111_0226_0226.jpg 1 175 111 226 226
0019_0150_0063_0252_0252.jpg 1 150 63 252 252
0020_0197_0155_0115_0115.jpg 1 197 155 115 115
0021_0231_0084_0144_0144.jpg 1 231 84 144 144
0022_0262_0029_0191_0191.jpg 1 262 29 191 191
0023_0172_0090_0266_0266.jpg 1 172 90 266 266
0024_0230_0204_0029_0029.jpg 1 230 204 29 29
0025_0374_0139_0052_0052.jpg 1 374 139 52 52
0026_0482_0254_0098_0098.jpg 1 482 254 98 98
0027_0260_0029_0250_0250.jpg 1 260 29 250 250
0028_0111_0132_0077_0077.jpg 1 111 132 77 77
0029_0046_0017_0239_0239.jpg 1 46 17 239 239
0030_0102_0056_0253_0253.jpg 1 102 56 253 253
0031_0172_0111_0081_0081.jpg 1 172 111 81 81
0032_0282_0199_0172_0172.jpg 1 282 199 172 172
0033_0190_0079_0277_0277.jpg 1 190 79 277 277
0034_0195_0117_0117_0117.jpg 1 195 117 117 117
0035_0352_0162_0099_0099.jpg 1 352 162 99 99
0036_0080_0077_0116_0116.jpg 1 80 77 116 116
0037_0119_0053_0254_0254.jpg 1 119 53 254 254
0038_0069_0152_0165_0165.jpg 1 69 152 165 165
