0001_0446_0227_0107_0107.jpg 1 446 227 107 107
0002_0236_0083_0260_0260.jpg 1 236 83 260 260
0003_0265_0111_0217_0217.jpg 1 265 111 217 217
0004_0484_0164_0049_0049.jpg 1 484 164 49 49
0005_0348_0289_0069_0069.jpg 1 348 289 69 69
0006_0347_0058_0123_0123.jpg 1 347 58 123 123
0007_0197_0085_0125_0125.jpg 1 197 85 125 125
0008_0317_0219_0074_0074.jpg 1 317 219 74 74
0009_0090_0139_0220_0220.jpg 1 90 139 220 220
0010_0412_0076_0168_0168.jpg 1 412 76 168 168
0011_0089_0084_0260_0260.jpg 1 89 84 260 260
0012_0102_0172_0208_0208.jpg 1 102 172 208 208
0013_0263_0114_0271_0271.jpg 1 263 114 271 271
0014_0245_0137_0182_0182.jpg 1 245 137 182 182
0015_0143_0070_0167_0167.jpg 1 143 70 167 167
0016_0206_0194_0169_0169.jpg 1 206 194 169 169
0017_0061_0225_0097_0097.jpg 1 61 225 97 97
0018_0050_0071_0269_0269.jpg 1 50 71 269 269
0019_0200_0118_0243_0243.jpg 1 200 118 243 243
0020_0218_0026_0191_0191.jpg 1 218 26 191 191
0021_0396_0052_0145_0145.jpg 1 396 52 145 145
0022_0379_0075_0207_0207.jpg 1 379 75 207 207
0023_0352_0149_0175_0175.jpg 1 352 149 175 175
0024_0152_0128_0197_0197.jpg 1 152 128 197 197
0025_0146_0123_0232_0232.jpg 1 146 123 232 232
0026_0251_0057_0227_0227.jpg 1 251 57 227 227
0027_0406_0184_0042_0042.jpg 1 406 184 42 42
0028_0335_0058_0240_0240.jpg 1 335 58 240 240
0029_0371_0066_0205_0205.jpg 1 371 66 205 205
0030_0130_0081_0156_0156.jpg 1 130 81 156 156
0031_0073_0155_0066_0066.jpg 1 73 155 66 66
0032_0247_0110_0131_0131.jpg 1 247 110 131 131
0033_0296_0136_0203_0203.jpg 1 296 136 203 203
0034_0252_0159_0138_0138.jpg 1 252 159 138 138
0035_0327_0030_0256_0256.jpg 1 327 30 256 256
0036_0169_0068_0155_0155.jpg 1 169 68 155 155
0037_0244_0151_0216_0216.jpg 1 244 151 216 216
