0001_0390_0184_0133_0133.jpg 1 390 184 133 133
0002_0323_0055_0244_0244.jpg 1 323 55 244 244
0003_0151_0046_0243_0243.jpg 1 151 46 243 243
0004_0150_0053_0048_0048.jpg 1 150 53 48 48
0005_0151_0197_0142_0142.jpg 1 151 197 142 142
0006_0383_0142_0204_0204.jpg 1 383 142 204 204
0007_0315_0140_0209_0209.jpg 1 315 140 209 209
0008_0318_0104_0186_0186.jpg 1 318 104 186 186
0009_0114_0191_0161_0161.jpg 1 114 191 161 161
0010_0081_0141_0170_0170.jpg 1 81 141 170 170
0011_0094_0194_0171_0171.jpg 1 94 194 171 171
0012_0133_0263_0094_0094.jpg 1 133 263 94 94
0013_0283_0089_0211_0211.jpg 1 283 89 211 211
0014_0301_0192_0154_0154.jpg 1 301 192 154 154
0015_0090_0336_0025_0025.jpg 1 90 336 25 25
0016_0384_0175_0186_0186.jpg 1 384 175 186 186
0017_0199_0116_0237_0237.jpg 1 199 116 237 237
0018_0506_0257_0058_0058.jpg 1 506 257 58 58
0019_0105_0140_0223_0223.jpg 1 105 140 223 223
0020_0435_0182_0091_0091.jpg 1 435 182 91 91
0021_0247_0091_0175_0175.jpg 1 247 91 175 175
0022_0481_0245_0097_0097.jpg 1 481 245 97 97
0023_0366_0128_0132_0132.jpg 1 366 128 132 132
0024_0224_0210_0109_0109.jpg 1 224 210 109 109
0025_0195_0245_0118_0118.jpg 1 195 245 118 118
0026_0112_0080_0126_0126.jpg 1 112 80 126 126
0027_0073_0189_0140_0140.jpg 1 73 189 140 140
0028_0186_0051_0276_0276.jpg 1 186 51 276 276
0029_0273_0135_0187_0187.jpg 1 273 135 187 187
0030_0132_0191_0131_0131.jpg 1 132 191 131 131
0031_0339_0218_0051_0051.jpg 1 339 218 51 51
0032_0063_0188_0058_0058.jpg 1 63 188 58 58
0033_0185_0124_0154_0154.jpg 1 185 124 154 154
0034_0182_0214_0068_0068.jpg 1 182 214 68 68
0035_0375_0254_0061_0061.jpg 1 375 254 61 61
0036_0134_0102_0270_0270.jpg 1 134 102 270 270
0037_0210_0134_0233_0233.jpg 1 210 134 233 233
0038_0136_0193_0067_0067.jpg 1 136 193 67 67
