0001_0239_0032_0255_0255.jpg 1 239 32 255 255
0002_0443_0053_0067_0067.jpg 1 443 53 67 67
0003_0250_0081_0210_0210.jpg 1 250 81 210 210
0004_0167_0042_0249_0249.jpg 1 167 42 249 249
0005_0381_0100_0169_0169.jpg 1 381 100 169 169
0006_0440_0042_0120_0120.jpg 1 440 42 120 120
0007_0293_0043_0157_0157.jpg 1 293 43 157 157
0008_0251_0222_0037_0037.jpg 1 251 222 37 37
0009_0108_0065_0140_0140.jpg 1 108 65 140 140
0010_0165_0030_0264_0264.jpg 1 165 30 264 264
0011_0190_0180_0167_0167.jpg 1 190 180 167 167
0012_0264_0111_0118_0118.jpg 1 264 111 118 118
0013_0138_0270_0049_0049.jpg 1 138 270 49 49
0014_0323_0036_0219_0219.jpg 1 323 36 219 219
0015_0344_0117_0211_0211.jpg 1 344 117 211 211
0016_0293_0073_0029_0029.jpg 1 293 73 29 29
0017_0147_0046_0252_0252.jpg 1 147 46 252 252
0018_0072_0065_0269_0269.jpg 1 72 65 269 269
0019_0051_0119_0229_0229.jpg 1 51 119 229 229
0020_0310_0037_0147_0147.jpg 1 310 37 147 147
0021_0192_0064_0243_0243.jpg 1 192 64 243 243
0022_0079_0048_0176_0176.jpg 1 79 48 176 176
0023_0258_0076_0248_0248.jpg 1 258 76 248 248
0024_0382_0064_0185_0185.jpg 1 382 64 185 185
0025_0331_0169_0211_0211.jpg 1 331 169 211 211
0026_0445_0264_0086_0086.jpg 1 445 264 86 86
0027_0072_0265_0081_0081.jpg 1 72 265 81 81
0028_0220_0036_0151_0151.jpg 1 220 36 151 151
0029_0250_0055_0231_0231.jpg 1 250 55 231 231
0030_0207_0117_0218_0218.jpg 1 207 117 218 218
0031_0339_0048_0224_0224.jpg 1 339 48 224 224
0032_0081_0089_0221_0221.jpg 1 81 89 221 221
0033_0152_0026_0206_0206.jpg 1 152 26 206 206
0034_0456_0146_0106_0106.jpg 1 456 146 106 106
0035_0316_0095_0184_0184.jpg 1 316 95 184 184
0036_0226_0113_0221_0221.jpg 1 226 113 221 221
0037_0216_0072_0102_0102.jpg 1 216 72 102 102
0038_0422_0234_0034_0034.jpg 1 422 234 34 34
