0001_0082_0149_0189_0189.jpg 1 82 149 189 189
0002_0298_0277_0059_0059.jpg 1 298 277 59 59
0003_0483_0038_0062_0062.jpg 1 483 38 62 62
0004_0149_0069_0218_0218.jpg 1 149 69 218 218
0005_0122_0141_0203_0203.jpg 1 122 141 203 203
0006_0337_0114_0188_0188.jpg 1 337 114 188 188
0007_0218_0218_0072_0072.jpg 1 218 218 72 72
0008_0120_0034_0251_0251.jpg 1 120 34 251 251
0009_0231_0097_0105_0105.jpg 1 231 97 105 105
0010_0364_0030_0200_0200.jpg 1 364 30 200 200
0011_0435_0087_0036_0036.jpg 1 435 87 36 36
0012_0182_0171_0180_0180.jpg 1 182 171 180 180
0013_0159_0137_0024_0024.jpg 1 159 137 24 24
0014_0284_0038_0214_0214.jpg 1 284 38 214 214
0015_0370_0030_0180_0180.jpg 1 370 30 180 180
0016_0151_0192_0124_0124.jpg 1 151 192 124 124
0017_0161_0087_0160_0160.jpg 1 161 87 160 160
0018_0129_0146_0232_0232.jpg 1 129 146 232 232
0019_0258_0066_0069_0069.jpg 1 258 66 69 69
0020_0231_0029_0154_0154.jpg 1 231 29 154 154
0021_0263_0079_0214_0214.jpg 1 263 79 214 214
0022_0457_0086_0052_0052.jpg 1 457 86 52 52
0023_0435_0033_0117_0117.jpg 1 435 33 117 117
0024_0149_0106_0260_0260.jpg 1 149 106 260 260
0025_0139_0076_0191_0191.jpg 1 139 76 191 191
0026_0243_0090_0157_0157.jpg 1 243 90 157 157
0027_0270_0048_0168_0168.jpg 1 270 48 168 168
0028_0171_0149_0214_0214.jpg 1 171 149 214 214
0029_0309_0145_0119_0119.jpg 1 309 145 119 119
0030_0480_0218_0097_0097.jpg 1 480 218 97 97
0031_0276_0104_0026_0026.jpg 1 276 104 26 26
0032_0401_0190_0173_0173.jpg 1 401 190 173 173
0033_0329_0042_0143_0143.jpg 1 329 42 143 143
0034_0066_0054_0181_0181.jpg 1 66 54 181 181
0035_0125_0072_0268_0268.jpg 1 125 72 268 268
0036_0299_0175_0155_0155.jpg 1 299 175 155 155
0037_0082_0148_0072_0072.jpg 1 82 148 72 72
0038_0091_0116_0182_0182.jpg 1 91 116 182 182
