0001_0303_0031_0128_0128.jpg 1 303 31 128 128
0002_0246_0034_0245_0245.jpg 1 246 34 245 245
0003_0469_0260_0090_0090.jpg 1 469 260 90 90
0004_0423_0130_0134_0134.jpg 1 423 130 134 134
0005_0148_0258_0108_0108.jpg 1 148 258 108 108
0006_0408_0191_0185_0185.jpg 1 408 191 185 185
0007_0263_0061_0257_0257.jpg 1 263 61 257 257
0008_0169_0144_0232_0232.jpg 1 169 144 232 232
0009_0194_0062_0257_0257.jpg 1 194 62 257 257
0010_0221_0283_0065_0065.jpg 1 221 283 65 65
0011_0348_0102_0181_0181.jpg 1 348 102 181 181
0012_0205_0296_0068_0068.jpg 1 205 296 68 68
0013_0305_0121_0205_0205.jpg 1 305 121 205 205
0014_0083_0134_0238_0238.jpg 1 83 134 238 238
0015_0204_0046_0040_0040.jpg 1 204 46 40 40
0016_0396_0087_0127_0127.jpg 1 396 87 127 127
0017_0085_0141_0036_0036.jpg 1 85 141 36 36
0018_0490_0047_0069_0069.jpg 1 490 47 69 69
0019_0349_0069_0127_0127.jpg 1 349 69 127 127
0020_0139_0130_0184_0184.jpg 1 139 130 184 184
0021_0300_0081_0233_0233.jpg 1 300 81 233 233
0022_0252_0017_0237_0237.jpg 1 252 17 237 237
0023_0397_0131_0059_0059.jpg 1 397 131 59 59
0024_0303_0192_0127_0127.jpg 1 303 192 127 127
0025_0239_0083_0123_0123.jpg 1 239 83 123 123
0026_0118_0125_0259_0259.jpg 1 118 125 259 259
0027_0217_0091_0101_0101.jpg 1 217 91 101 101
0028_0253_0209_0100_0100.jpg 1 253 209 100 100
0029_0287_0128_0185_0185.jpg 1 287 128 185 185
0030_0090_0084_0275_0275.jpg 1 90 84 275 275
0031_0225_0212_0131_0131.jpg 1 225 212 131 131
0032_0127_0171_0206_0206.jpg 1 127 171 206 206
0033_0270_0069_0254_0254.jpg 1 270 69 254 254
0034_0321_0153_0043_0043.jpg 1 321 153 43 43
0035_0347_0064_0135_0135.jpg 1 347 64 135 135
0036_0150_0074_0114_0114.jpg 1 150 74 114 114
0037_0185_0137_0169_0169.jpg 1 185 137 169 169
