0001_0056_0109_0206_0206.jpg 1 56 109 206 206
0002_0071_0064_0223_0223.jpg 1 71 64 223 223
0003_0353_0174_0049_0049.jpg 1 353 174 49 49
0004_0274_0036_0150_0150.jpg 1 274 36 150 150
0005_0365_0180_0028_0028.jpg 1 365 180 28 28
0006_0126_0106_0178_0178.jpg 1 126 106 178 178
0007_0169_0116_0230_0230.jpg 1 169 116 230 230
0008_0240_0060_0128_0128.jpg 1 240 60 128 128
0009_0233_0118_0051_0051.jpg 1 233 118 51 51
0010_0379_0169_0202_0202.jpg 1 379 169 202 202
0011_0187_0223_0102_0102.jpg 1 187 223 102 102
0012_0207_0100_0092_0092.jpg 1 207 100 92 92
0013_0204_0111_0201_0201.jpg 1 204 111 201 201
0014_0120_0058_0254_0254.jpg 1 120 58 254 254
0015_0117_0025_0234_0234.jpg 1 117 25 234 234
0016_0333_0195_0163_0163.jpg 1 333 195 163 163
0017_0145_0167_0068_0068.jpg 1 145 167 68 68
0018_0135_0198_0136_0136.jpg 1 135 198 136 136
0019_0244_0124_0029_0029.jpg 1 244 124 29 29
0020_0269_0235_0092_0092.jpg 1 269 235 92 92
0021_0483_0311_0040_0040.jpg 1 483 311 40 40
0022_0394_0114_0201_0201.jpg 1 394 114 201 201
0023_0328_0106_0135_0135.jpg 1 328 106 135 135
0024_0465_0122_0077_0077.jpg 1 465 122 77 77
0025_0167_0096_0175_0175.jpg 1 167 96 175 175
0026_0533_0179_0042_0042.jpg 1 533 179 42 42
0027_0110_0175_0135_0135.jpg 1 110 175 135 135
0028_0203_0059_0205_0205.jpg 1 203 59 205 205
0029_0072_0086_0219_0219.jpg 1 72 86 219 219
0030_0113_0014_0253_0253.jpg 1 113 14 253 253
0031_0096_0088_0270_0270.jpg 1 96 88 270 270
0032_0386_0232_0066_0066.jpg 1 386 232 66 66
0033_0160_0034_0204_0204.jpg 1 160 34 204 204
0034_0238_0213_0111_0111.jpg 1 238 213 111 111
0035_0151_0043_0267_0267.jpg 1 151 43 267 267
0036_0164_0170_0142_0142.jpg 1 164 170 142 142
0037_0290_0277_0026_0026.jpg 1 290 277 26 26
