0001_0469_0183_0056_0056.jpg 1 469 183 56 56
0002_0325_0143_0187_0187.jpg 1 325 143 187 187
0003_0303_0235_0037_0037.jpg 1 303 235 37 37
0004_0077_0107_0046_0046.jpg 1 77 107 46 46
0005_0115_0096_0163_0163.jpg 1 115 96 163 163
0006_0455_0092_0025_0025.jpg 1 455 92 25 25
0007_0156_0086_0083_0083.jpg 1 156 86 83 83
0008_0279_0152_0223_0223.jpg 1 279 152 223 223
0009_0181_0172_0063_0063.jpg 1 181 172 63 63
0010_0058_0106_0237_0237.jpg 1 58 106 237 237
0011_0061_0025_0271_0271.jpg 1 61 25 271 271
0012_0180_0191_0072_0072.jpg 1 180 191 72 72
0013_0189_0133_0194_0194.jpg 1 189 133 194 194
0014_0138_0089_0268_0268.jpg 1 138 89 268 268
0015_0492_0251_0046_0046.jpg 1 492 251 46 46
0016_0258_0095_0257_0257.jpg 1 258 95 257 257
0017_0382_0097_0210_0210.jpg 1 382 97 210 210
0018_0408_0211_0162_0162.jpg 1 408 211 162 162
0019_0274_0077_0058_0058.jpg 1 274 77 58 58
0020_0380_0102_0208_0208.jpg 1 380 102 208 208
0021_0235_0048_0235_0235.jpg 1 235 48 235 235
0022_0383_0200_0171_0171.jpg 1 383 200 171 171
0023_0116_0020_0200_0200.jpg 1 116 20 200 200
0024_0309_0095_0228_0228.jpg 1 309 95 228 228
0025_0377_0118_0146_0146.jpg 1 377 118 146 146
0026_0249_0132_0024_0024.jpg 1 249 132 24 24
0027_0363_0175_0182_0182.jpg 1 363 175 182 182
0028_0190_0112_0050_0050.jpg 1 190 112 50 50
0029_0047_0097_0238_0238.jpg 1 47 97 238 238
0030_0414_0047_0174_0174.jpg 1 414 47 174 174
0031_0205_0104_0060_0060.jpg 1 205 104 60 60
0032_0350_0050_0228_0228.jpg 1 350 50 228 228
0033_0175_0135_0096_0096.jpg 1 175 135 96 96
0034_0216_0249_0117_0117.jpg 1 216 249 117 117
0035_0179_0078_0203_0203.jpg 1 179 78 203 203
0036_0203_0156_0215_0215.jpg 1 203 156 215 215
0037_0069_0235_0103_0103.jpg 1 69 235 103 103
