0001_0443_0164_0073_0073.jpg 1 443 164 73 73
0002_0313_0060_0048_0048.jpg 1 313 60 48 48
0003_0147_0029_0275_0275.jpg 1 147 29 275 275
0004_0190_0082_0100_0100.jpg 1 190 82 100 100
0005_0333_0117_0191_0191.jpg 1 333 117 191 191
0006_0298_0125_0230_0230.jpg 1 298 125 230 230
0007_0382_0134_0188_0188.jpg 1 382 134 188 188
0008_0225_0174_0126_0126.jpg 1 225 174 126 126
0009_0145_0159_0214_0214.jpg 1 145 159 214 214
0010_0240_0185_0093_0093.jpg 1 240 185 93 93
0011_0280_0198_0109_0109.jpg 1 280 198 109 109
0012_0098_0073_0278_0278.jpg 1 98 73 278 278
0013_0299_0071_0265_0265.jpg 1 299 71 265 265
0014_0447_0152_0116_0116.jpg 1 447 152 116 116
0015_0151_0028_0270_0270.jpg 1 151 28 270 270
0016_0410_0110_0112_0112.jpg 1 410 110 112 112
0017_0114_0078_0164_0164.jpg 1 114 78 164 164
0018_0360_0152_0126_0126.jpg 1 360 152 126 126
0019_0396_0318_0042_0042.jpg 1 396 318 42 42
0020_0352_0175_0175_0175.jpg 1 352 175 175 175
0021_0210_0065_0277_0277.jpg 1 210 65 277 277
0022_0493_0139_0048_0048.jpg 1 493 139 48 48
0023_0135_0098_0235_0235.jpg 1 135 98 235 235
0024_0329_0064_0273_0273.jpg 1 329 64 273 273
0025_0107_0184_0036_0036.jpg 1 107 184 36 36
0026_0303_0016_0266_0266.jpg 1 303 16 266 266
0027_0142_0190_0185_0185.jpg 1 142 190 185 185
0028_0065_0134_0146_0146.jpg 1 65 134 146 146
0029_0179_0168_0151_0151.jpg 1 179 168 151 151
0030_0306_0125_0043_0043.jpg 1 306 125 43 43
0031_0322_0165_0060_0060.jpg 1 322 165 60 60
0032_0310_0079_0178_0178.jpg 1 310 79 178 178
0033_0288_0048_0244_0244.jpg 1 288 48 244 244
0034_0254_0056_0273_0273.jpg 1 254 56 273 273
0035_0446_0318_0041_0041.jpg 1 446 318 41 41
0036_0490_0052_0076_0076.jpg 1 490 52 76 76
0037_0282_0219_0078_0078.jpg 1 282 219 78 78
