0001_0364_0032_0234_0234.jpg 1 364 32 234 234
0002_0319_0320_0033_0033.jpg 1 319 320 33 33
0003_0044_0118_0200_0200.jpg 1 44 118 200 200
0004_0300_0105_0277_0277.jpg 1 300 105 277 277
0005_0230_0086_0186_0186.jpg 1 230 86 186 186
0006_0241_0068_0242_0242.jpg 1 241 68 242 242
0007_0107_0089_0182_0182.jpg 1 107 89 182 182
0008_0043_0020_0237_0237.jpg 1 43 20 237 237
0009_0112_0121_0265_0265.jpg 1 112 121 265 265
0010_0235_0085_0185_0185.jpg 1 235 85 185 185
0011_0054_0071_0147_0147.jpg 1 54 71 147 147
0012_0061_0090_0194_0194.jpg 1 61 90 194 194
0013_0236_0245_0123_0123.jpg 1 236 245 123 123
0014_0129_0259_0049_0049.jpg 1 129 259 49 49
0015_0301_0150_0168_0168.jpg 1 301 150 168 168
0016_0408_0027_0153_0153.jpg 1 408 27 153 153
0017_0287_0242_0102_0102.jpg 1 287 242 102 102
0018_0195_0060_0038_0038.jpg 1 195 60 38 38
0019_0390_0132_0089_0089.jpg 1 390 132 89 89
0020_0424_0038_0152_0152.jpg 1 424 38 152 152
0021_0144_0048_0201_0201.jpg 1 144 48 201 201
0022_0222_0022_0259_0259.jpg 1 222 22 259 259
0023_0206_0112_0204_0204.jpg 1 206 112 204 204
0024_0071_0105_0245_0245.jpg 1 71 105 245 245
0025_0113_0141_0217_0217.jpg 1 113 141 217 217
0026_0129_0040_0263_0263.jpg 1 129 40 263 263
0027_0254_0026_0157_0157.jpg 1 254 26 157 157
0028_0313_0065_0269_0269.jpg 1 313 65 269 269
0029_0429_0178_0110_0110.jpg 1 429 178 110 110
0030_0259_0133_0158_0158.jpg 1 259 133 158 158
0031_0158_0145_0142_0142.jpg 1 158 145 142 142
0032_0252_0236_0129_0129.jpg 1 252 236 129 129
0033_0106_0084_0144_0144.jpg 1 106 84 144 144
0034_0135_0088_0245_0245.jpg 1 135 88 245 245
0035_0338_0079_0103_0103.jpg 1 338 79 103 103
0036_0269_0032_0227_0227.jpg 1 269 32 227 227
0037_0288_0166_0064_0064.jpg 1 288 166 64 64
0038_0179_0098_0126_0126.jpg 1 179 98 126 126
