0001_0233_0134_0239_0239.jpg 1 233 134 239 239
0002_0151_0134_0051_0051.jpg 1 151 134 51 51
0003_0216_0242_0117_0117.jpg 1 216 242 117 117
0004_0116_0216_0094_0094.jpg 1 116 216 94 94
0005_0305_0042_0275_0275.jpg 1 305 42 275 275
0006_0095_0237_0037_0037.jpg 1 95 237 37 37
0007_0086_0106_0221_0221.jpg 1 86 106 221 221
0008_0285_0078_0189_0189.jpg 1 285 78 189 189
0009_0288_0198_0178_0178.jpg 1 288 198 178 178
0010_0136_0048_0072_0072.jpg 1 136 48 72 72
0011_0129_0184_0086_0086.jpg 1 129 184 86 86
0012_0311_0223_0081_0081.jpg 1 311 223 81 81
0013_0420_0214_0078_0078.jpg 1 420 214 78 78
0014_0301_0037_0101_0101.jpg 1 301 37 101 101
0015_0254_0032_0276_0276.jpg 1 254 32 276 276
0016_0318_0041_0171_0171.jpg 1 318 41 171 171
0017_0351_0201_0036_0036.jpg 1 351 201 36 36
0018_0189_0069_0181_0181.jpg 1 189 69 181 181
0019_0105_0096_0145_0145.jpg 1 105 96 145 145
0020_0063_0193_0049_0049.jpg 1 63 193 49 49
0021_0192_0219_0095_0095.jpg 1 192 219 95 95
0022_0432_0100_0117_0117.jpg 1 432 100 117 117
0023_0318_0145_0118_0118.jpg 1 318 145 118 118
0024_0296_0056_0112_0112.jpg 1 296 56 112 112
0025_0394_0171_0095_0095.jpg 1 394 171 95 95
0026_0319_0116_0205_0205.jpg 1 319 116 205 205
0027_0372_0114_0111_0111.jpg 1 372 114 111 111
0028_0331_0160_0080_0080.jpg 1 331 160 80 80
0029_0356_0035_0178_0178.jpg 1 356 35 178 178
0030_0346_0141_0206_0206.jpg 1 346 141 206 206
0031_0160_0020_0202_0202.jpg 1 160 20 202 202
0032_0260_0248_0034_0034.jpg 1 260 248 34 34
0033_0308_0134_0196_0196.jpg 1 308 134 196 196
0034_0209_0019_0254_0254.jpg 1 209 19 254 254
0035_0372_0159_0195_0195.jpg 1 372 159 195 195
0036_0195_0204_0159_0159.jpg 1 195 204 159 159
0037_0159_0048_0243_0243.jpg 1 159 48 243 243
