0001_0453_0090_0088_0088.jpg 1 453 90 88 88
0002_0110_0072_0191_0191.jpg 1 110 72 191 191
0003_0230_0098_0237_0237.jpg 1 230 98 237 237
0004_0289_0179_0122_0122.jpg 1 289 179 122 122
0005_0298_0126_0206_0206.jpg 1 298 126 206 206
0006_0091_0218_0046_0046.jpg 1 91 218 46 46
0007_0383_0045_0108_0108.jpg 1 383 45 108 108
0008_0218_0094_0081_0081.jpg 1 218 94 81 81
0009_0286_0076_0261_0261.jpg 1 286 76 261 261
0010_0276_0307_0039_0039.jpg 1 276 307 39 39
0011_0088_0071_0239_0239.jpg 1 88 71 239 239
0012_0313_0131_0199_0199.jpg 1 313 131 199 199
0013_0101_0117_0182_0182.jpg 1 101 117 182 182
0014_0211_0156_0190_0190.jpg 1 211 156 190 190
0015_0199_0099_0123_0123.jpg 1 199 99 123 123
0016_0453_0242_0045_0045.jpg 1 453 242 45 45
0017_0315_0058_0091_0091.jpg 1 315 58 91 91
0018_0192_0029_0237_0237.jpg 1 192 29 237 237
0019_0067_0078_0078_0078.jpg 1 67 78 78 78
0020_0089_0106_0110_0110.jpg 1 89 106 110 110
0021_0434_0242_0024_0024.jpg 1 434 242 24 24
0022_0318_0190_0145_0145.jpg 1 318 190 145 145
0023_0165_0059_0120_0120.jpg 1 165 59 120 120
0024_0225_0107_0262_0262.jpg 1 225 107 262 262
0025_0114_0264_0093_0093.jpg 1 114 264 93 93
0026_0258_0159_0065_0065.jpg 1 258 159 65 65
0027_0179_0085_0152_0152.jpg 1 179 85 152 152
0028_0163_0067_0239_0239.jpg 1 163 67 239 239
0029_0337_0077_0031_0031.jpg 1 337 77 31 31
0030_0225_0056_0275_0275.jpg 1 225 56 275 275
0031_0201_0118_0187_0187.jpg 1 201 118 187 187
0032_0466_0305_0058_0058.jpg 1 466 305 58 58
0033_0056_0035_0266_0266.jpg 1 56 35 266 266
0034_0052_0196_0159_0159.jpg 1 52 196 159 159
0035_0320_0228_0064_0064.jpg 1 320 228 64 64
0036_0297_0153_0098_0098.jpg 1 297 153 98 98
0037_0113_0169_0094_0094.jpg 1 113 169 94 94
