0001_0173_0154_0134_0134.jpg 1 173 154 134 134
0002_0401_0297_0038_0038.jpg 1 401 297 38 38
0003_0097_0105_0251_0251.jpg 1 97 105 251 251
0004_0147_0260_0063_0063.jpg 1 147 260 63 63
0005_0310_0258_0087_0087.jpg 1 310 258 87 87
0006_0316_0246_0029_0029.jpg 1 316 246 29 29
0007_0237_0049_0082_0082.jpg 1 237 49 82 82
0008_0380_0151_0167_0167.jpg 1 380 151 167 167
0009_0376_0176_0193_0193.jpg 1 376 176 193 193
0010_0220_0235_0106_0106.jpg 1 220 235 106 106
0011_0326_0189_0089_0089.jpg 1 326 189 89 89
0012_0378_0304_0043_0043.jpg 1 378 304 43 43
0013_0188_0198_0171_0171.jpg 1 188 198 171 171
0014_0356_0229_0103_0103.jpg 1 356 229 103 103
0015_0414_0174_0174_0174.jpg 1 414 174 174 174
0016_0207_0055_0137_0137.jpg 1 207 55 137 137
0017_0335_0267_0093_0093.jpg 1 335 267 93 93
0018_0072_0222_0123_0123.jpg 1 72 222 123 123
0019_0368_0204_0132_0132.jpg 1 368 204 132 132
0020_0361_0080_0127_0127.jpg 1 361 80 127 127
0021_0286_0024_0241_0241.jpg 1 286 24 241 241
0022_0431_0251_0105_0105.jpg 1 431 251 105 105
0023_0343_0195_0026_0026.jpg 1 343 195 26 26
0024_0395_0171_0170_0170.jpg 1 395 171 170 170
0025_0125_0124_0233_0233.jpg 1 125 124 233 233
0026_0415_0087_0071_0071.jpg 1 415 87 71 71
0027_0502_0115_0060_0060.jpg 1 502 115 60 60
0028_0392_0109_0203_0203.jpg 1 392 109 203 203
0029_0091_0198_0153_0153.jpg 1 91 198 153 153
0030_0264_0056_0050_0050.jpg 1 264 56 50 50
0031_0397_0079_0024_0024.jpg 1 397 79 24 24
0032_0078_0036_0216_0216.jpg 1 78 36 216 216
0033_0097_0037_0249_0249.jpg 1 97 37 249 249
0034_0345_0125_0106_0106.jpg 1 345 125 106 106
0035_0184_0079_0242_0242.jpg 1 184 79 242 242
0036_0352_0194_0165_0165.jpg 1 352 194 165 165
0037_0055_0111_0258_0258.jpg 1 55 111 258 258
