0001_0221_0076_0271_0271.jpg 1 221 76 271 271
0002_0107_0296_0052_0052.jpg 1 107 296 52 52
0003_0215_0172_0186_0186.jpg 1 215 172 186 186
0004_0105_0149_0165_0165.jpg 1 105 149 165 165
0005_0261_0054_0051_0051.jpg 1 261 54 51 51
0006_0137_0037_0168_0168.jpg 1 137 37 168 168
0007_0492_0228_0086_0086.jpg 1 492 228 86 86
0008_0244_0080_0109_0109.jpg 1 244 80 109 109
0009_0215_0107_0233_0233.jpg 1 215 107 233 233
0010_0164_0116_0196_0196.jpg 1 164 116 196 196
0011_0196_0050_0115_0115.jpg 1 196 50 115 115
0012_0342_0182_0088_0088.jpg 1 342 182 88 88
0013_0215_0076_0217_0217.jpg 1 215 76 217 217
0014_0296_0068_0189_0189.jpg 1 296 68 189 189
0015_0528_0283_0029_0029.jpg 1 528 283 29 29
0016_0177_0035_0183_0183.jpg 1 177 35 183 183
0017_0181_0124_0074_0074.jpg 1 181 124 74 74
0018_0258_0089_0250_0250.jpg 1 258 89 250 250
0019_0221_0083_0254_0254.jpg 1 221 83 254 254
0020_0420_0096_0150_0150.jpg 1 420 96 150 150
0021_0046_0076_0271_0271.jpg 1 46 76 271 271
0022_0364_0116_0136_0136.jpg 1 364 116 136 136
0023_0147_0186_0167_0167.jpg 1 147 186 167 167
0024_0463_0264_0105_0105.jpg 1 463 264 105 105
0025_0276_0105_0231_0231.jpg 1 276 105 231 231
0026_0115_0108_0277_0277.jpg 1 115 108 277 277
0027_0419_0195_0151_0151.jpg 1 419 195 151 151
0028_0175_0034_0259_0259.jpg 1 175 34 259 259
0029_0235_0192_0185_0185.jpg 1 235 192 185 185
0030_0100_0094_0231_0231.jpg 1 100 94 231 231
0031_0154_0051_0228_0228.jpg 1 154 51 228 228
0032_0284_0142_0227_0227.jpg 1 284 142 227 227
0033_0143_0090_0102_0102.jpg 1 143 90 102 102
0034_0399_0102_0135_0135.jpg 1 399 102 135 135
0035_0070_0138_0043_0043.jpg 1 70 138 43 43
0036_0334_0115_0223_0223.jpg 1 334 115 223 223
0037_0105_0150_0219_0219.jpg 1 105 150 219 219
