0001_0427_0138_0138_0138.jpg 1 427 138 138 138
0002_0070_0176_0131_0131.jpg 1 70 176 131 131
0003_0414_0052_0026_0026.jpg 1 414 52 26 26
0004_0161_0058_0238_0238.jpg 1 161 58 238 238
0005_0069_0042_0207_0207.jpg 1 69 42 207 207
0006_0293_0074_0209_0209.jpg 1 293 74 209 209
0007_0193_0146_0154_0154.jpg 1 193 146 154 154
0008_0090_0174_0202_0202.jpg 1 90 174 202 202
0009_0220_0055_0199_0199.jpg 1 220 55 199 199
0010_0241_0200_0175_0175.jpg 1 241 200 175 175
0011_0376_0164_0086_0086.jpg 1 376 164 86 86
0012_0397_0195_0171_0171.jpg 1 397 195 171 171
0013_0386_0142_0110_0110.jpg 1 386 142 110 110
0014_0145_0082_0062_0062.jpg 1 145 82 62 62
0015_0282_0095_0213_0213.jpg 1 282 95 213 213
0016_0359_0242_0091_0091.jpg 1 359 242 91 91
0017_0229_0154_0119_0119.jpg 1 229 154 119 119
0018_0114_0063_0042_0042.jpg 1 114 63 42 42
0019_0176_0108_0272_0272.jpg 1 176 108 272 272
0020_0384_0039_0107_0107.jpg 1 384 39 107 107
0021_0340_0147_0173_0173.jpg 1 340 147 173 173
0022_0370_0060_0136_0136.jpg 1 370 60 136 136
0023_0048_0094_0241_0241.jpg 1 48 94 241 241
0024_0255_0168_0036_0036.jpg 1 255 168 36 36
0025_0255_0113_0273_0273.jpg 1 255 113 273 273
0026_0232_0115_0141_0141.jpg 1 232 115 141 141
0027_0146_0098_0093_0093.jpg 1 146 98 93 93
0028_0208_0221_0095_0095.jpg 1 208 221 95 95
0029_0483_0049_0098_0098.jpg 1 483 49 98 98
0030_0168_0056_0249_0249.jpg 1 168 56 249 249
0031_0131_0189_0170_0170.jpg 1 131 189 170 170
0032_0348_0153_0103_0103.jpg 1 348 153 103 103
0033_0364_0102_0063_0063.jpg 1 364 102 63 63
0034_0486_0105_0053_0053.jpg 1 486 105 53 53
0035_0285_0147_0152_0152.jpg 1 285 147 152 152
0036_0129_0025_0172_0172.jpg 1 129 25 172 172
0037_0188_0050_0204_0204.jpg 1 188 50 204 204
