0001_0271_0079_0279_0279.jpg 1 271 79 279 279
0002_0094_0109_0232_0232.jpg 1 94 109 232 232
0003_0120_0049_0225_0225.jpg 1 120 49 225 225
0004_0475_0039_0102_0102.jpg 1 475 39 102 102
0005_0194_0125_0169_0169.jpg 1 194 125 169 169
0006_0420_0113_0157_0157.jpg 1 420 113 157 157
0007_0392_0154_0201_0201.jpg 1 392 154 201 201
0008_0235_0100_0132_0132.jpg 1 235 100 132 132
0009_0152_0213_0155_0155.jpg 1 152 213 155 155
0010_0403_0084_0093_0093.jpg 1 403 84 93 93
0011_0104_0120_0214_0214.jpg 1 104 120 214 214
0012_0226_0219_0150_0150.jpg 1 226 219 150 150
0013_0273_0111_0274_0274.jpg 1 273 111 274 274
0014_0413_0030_0138_0138.jpg 1 413 30 138 138
0015_0117_0175_0079_0079.jpg 1 117 175 79 79
0016_0320_0081_0199_0199.jpg 1 320 81 199 199
0017_0088_0054_0248_0248.jpg 1 88 54 248 248
0018_0069_0045_0039_0039.jpg 1 69 45 39 39
0019_0236_0093_0074_0074.jpg 1 236 93 74 74
0020_0335_0167_0168_0168.jpg 1 335 167 168 168
0021_0094_0113_0265_0265.jpg 1 94 113 265 265
0022_0156_0180_0079_0079.jpg 1 156 180 79 79
0023_0168_0028_0237_0237.jpg 1 168 28 237 237
0024_0228_0094_0067_0067.jpg 1 228 94 67 67
0025_0375_0190_0162_0162.jpg 1 375 190 162 162
0026_0192_0143_0211_0211.jpg 1 192 143 211 211
0027_0110_0051_0266_0266.jpg 1 110 51 266 266
0028_0255_0271_0052_0052.jpg 1 255 271 52 52
0029_0329_0208_0074_0074.jpg 1 329 208 74 74
0030_0437_0074_0146_0146.jpg 1 437 74 146 146
0031_0131_0123_0193_0193.jpg 1 131 123 193 193
0032_0429_0103_0051_0051.jpg 1 429 103 51 51
0033_0310_0096_0142_0142.jpg 1 310 96 142 142
0034_0256_0182_0118_0118.jpg 1 256 182 118 118
0035_0241_0188_0077_0077.jpg 1 241 188 77 77
0036_0254_0054_0168_0168.jpg 1 254 54 168 168
0037_0184_0029_0105_0105.jpg 1 184 29 105 105
