0001_0318_0128_0179_0179.jpg 1 318 128 179 179
0002_0240_0133_0092_0092.jpg 1 240 133 92 92
0003_0440_0217_0130_0130.jpg 1 440 217 130 130
0004_0185_0079_0119_0119.jpg 1 185 79 119 119
0005_0286_0136_0153_0153.jpg 1 286 136 153 153
0006_0268_0266_0066_0066.jpg 1 268 266 66 66
0007_0214_0079_0195_0195.jpg 1 214 79 195 195
0008_0190_0033_0171_0171.jpg 1 190 33 171 171
0009_0183_0014_0277_0277.jpg 1 183 14 277 277
0010_0261_0175_0098_0098.jpg 1 261 175 98 98
0011_0251_0167_0137_0137.jpg 1 251 167 137 137
0012_0280_0234_0052_0052.jpg 1 280 234 52 52
0013_0179_0177_0177_0177.jpg 1 179 177 177 177
0014_0057_0120_0261_0261.jpg 1 57 120 261 261
0015_0243_0128_0154_0154.jpg 1 243 128 154 154
0016_0340_0262_0090_0090.jpg 1 340 262 90 90
0017_0068_0057_0213_0213.jpg 1 68 57 213 213
0018_0196_0129_0203_0203.jpg 1 196 129 203 203
0019_0389_0169_0081_0081.jpg 1 389 169 81 81
0020_0075_0120_0257_0257.jpg 1 75 120 257 257
0021_0267_0015_0277_0277.jpg 1 267 15 277 277
0022_0074_0188_0115_0115.jpg 1 74 188 115 115
0023_0140_0179_0108_0108.jpg 1 140 179 108 108
0024_0103_0042_0194_0194.jpg 1 103 42 194 194
0025_0376_0107_0080_0080.jpg 1 376 107 80 80
0026_0045_0058_0266_0266.jpg 1 45 58 266 266
0027_0096_0146_0213_0213.jpg 1 96 146 213 213
0028_0045_0049_0252_0252.jpg 1 45 49 252 252
0029_0214_0015_0270_0270.jpg 1 214 15 270 270
0030_0324_0099_0241_0241.jpg 1 324 99 241 241
0031_0078_0039_0123_0123.jpg 1 78 39 123 123
0032_0511_0152_0041_0041.jpg 1 511 152 41 41
0033_0387_0119_0146_0146.jpg 1 387 119 146 146
0034_0191_0238_0085_0085.jpg 1 191 238 85 85
0035_0450_0278_0083_0083.jpg 1 450 278 83 83
0036_0371_0030_0145_0145.jpg 1 371 30 145 145
0037_0293_0130_0181_0181.jpg 1 293 130 181 181
0038_0077_0080_0059_0059.jpg 1 77 80 59 59
