0001_0287_0140_0244_0244.jpg 1 287 140 244 244
0002_0375_0052_0097_0097.jpg 1 375 52 97 97
0003_0217_0090_0272_0272.jpg 1 217 90 272 272
0004_0196_0142_0140_0140.jpg 1 196 142 140 140
0005_0346_0178_0102_0102.jpg 1 346 178 102 102
0006_0455_0080_0088_0088.jpg 1 455 80 88 88
0007_0364_0153_0203_0203.jpg 1 364 153 203 203
0008_0226_0238_0051_0051.jpg 1 226 238 51 51
0009_0188_0135_0222_0222.jpg 1 188 135 222 222
0010_0218_0186_0072_0072.jpg 1 218 186 72 72
0011_0089_0081_0172_0172.jpg 1 89 81 172 172
0012_0066_0110_0155_0155.jpg 1 66 110 155 155
0013_0292_0103_0079_0079.jpg 1 292 103 79 79
0014_0257_0095_0259_0259.jpg 1 257 95 259 259
0015_0164_0019_0262_0262.jpg 1 164 19 262 262
0016_0272_0055_0274_0274.jpg 1 272 55 274 274
0017_0311_0021_0210_0210.jpg 1 311 21 210 210
0018_0074_0093_0130_0130.jpg 1 74 93 130 130
0019_0251_0102_0190_0190.jpg 1 251 102 190 190
0020_0360_0056_0171_0171.jpg 1 360 56 171 171
0021_0175_0056_0046_0046.jpg 1 175 56 46 46
0022_0146_0024_0193_0193.jpg 1 146 24 193 193
0023_0236_0206_0149_0149.jpg 1 236 206 149 149
0024_0138_0026_0162_0162.jpg 1 138 26 162 162
0025_0117_0041_0196_0196.jpg 1 117 41 196 196
0026_0063_0211_0109_0109.jpg 1 63 211 109 109
0027_0073_0050_0047_0047.jpg 1 73 50 47 47
0028_0290_0126_0250_0250.jpg 1 290 126 250 250
0029_0098_0015_0254_0254.jpg 1 98 15 254 254
0030_0407_0145_0168_0168.jpg 1 407 145 168 168
0031_0429_0259_0097_0097.jpg 1 429 259 97 97
0032_0163_0270_0097_0097.jpg 1 163 270 97 97
0033_0305_0032_0245_0245.jpg 1 305 32 245 245
0034_0424_0263_0059_0059.jpg 1 424 263 59 59
0035_0171_0191_0181_0181.jpg 1 171 191 181 181
0036_0384_0050_0192_0192.jpg 1 384 50 192 192
0037_0192_0123_0210_0210.jpg 1 192 123 210 210
