0001_0462_0200_0074_0074.jpg 1 462 200 74 74
0002_0112_0017_0256_0256.jpg 1 112 17 256 256
0003_0278_0063_0141_0141.jpg 1 278 63 141 141
0004_0430_0035_0093_0093.jpg 1 430 35 93 93
0005_0202_0028_0267_0267.jpg 1 202 28 267 267
0006_0446_0069_0075_0075.jpg 1 446 69 75 75
0007_0077_0168_0183_0183.jpg 1 77 168 183 183
0008_0283_0255_0024_0024.jpg 1 283 255 24 24
0009_0365_0087_0058_0058.jpg 1 365 87 58 58
0010_0356_0087_0212_0212.jpg 1 356 87 212 212
0011_0457_0063_0080_0080.jpg 1 457 63 80 80
0012_0364_0039_0208_0208.jpg 1 364 39 208 208
0013_0065_0053_0209_0209.jpg 1 65 53 209 209
0014_0254_0076_0273_0273.jpg 1 254 76 273 273
0015_0246_0083_0244_0244.jpg 1 246 83 244 244
0016_0062_0165_0186_0186.jpg 1 62 165 186 186
0017_0201_0032_0204_0204.jpg 1 201 32 204 204
0018_0306_0025_0143_0143.jpg 1 306 25 143 143
0019_0335_0061_0150_0150.jpg 1 335 61 150 150
0020_0276_0300_0046_0046.jpg 1 276 300 46 46
0021_0102_0074_0179_0179.jpg 1 102 74 179 179
0022_0194_0157_0070_0070.jpg 1 194 157 70 70
0023_0207_0075_0259_0259.jpg 1 207 75 259 259
0024_0279_0126_0170_0170.jpg 1 279 126 170 170
0025_0262_0130_0248_0248.jpg 1 262 130 248 248
0026_0227_0023_0276_0276.jpg 1 227 23 276 276
0027_0116_0046_0267_0267.jpg 1 116 46 267 267
0028_0143_0021_0246_0246.jpg 1 143 21 246 246
0029_0322_0064_0242_0242.jpg 1 322 64 242 242
0030_0378_0122_0122_0122.jpg 1 378 122 122 122
0031_0105_0159_0183_0183.jpg 1 105 159 183 183
0032_0219_0170_0186_0186.jpg 1 219 170 186 186
0033_0388_0164_0089_0089.jpg 1 388 164 89 89
0034_0071_0137_0114_0114.jpg 1 71 137 114 114
0035_0166_0168_0093_0093.jpg 1 166 168 93 93
0036_0366_0222_0071_0071.jpg 1 366 222 71 71
0037_0104_0046_0091_0091.jpg 1 104 46 91 91
