0001_0118_0104_0178_0178.jpg 1 118 104 178 178
0002_0103_0063_0267_0267.jpg 1 103 63 267 267
0003_0268_0053_0261_0261.jpg 1 268 53 261 261
0004_0124_0066_0249_0249.jpg 1 124 66 249 249
0005_0444_0163_0067_0067.jpg 1 444 163 67 67
0006_0203_0166_0075_0075.jpg 1 203 166 75 75
0007_0301_0140_0172_0172.jpg 1 301 140 172 172
0008_0283_0120_0107_0107.jpg 1 283 120 107 107
0009_0051_0060_0253_0253.jpg 1 51 60 253 253
0010_0306_0084_0277_0277.jpg 1 306 84 277 277
0011_0475_0114_0094_0094.jpg 1 475 114 94 94
0012_0151_0201_0073_0073.jpg 1 151 201 73 73
0013_0072_0095_0236_0236.jpg 1 72 95 236 236
0014_0196_0099_0243_0243.jpg 1 196 99 243 243
0015_0079_0028_0221_0221.jpg 1 79 28 221 221
0016_0505_0196_0062_0062.jpg 1 505 196 62 62
0017_0065_0153_0188_0188.jpg 1 65 153 188 188
0018_0265_0185_0168_0168.jpg 1 265 185 168 168
0019_0147_0024_0276_0276.jpg 1 147 24 276 276
0020_0483_0276_0055_0055.jpg 1 483 276 55 55
0021_0138_0185_0155_0155.jpg 1 138 185 155 155
0022_0242_0174_0139_0139.jpg 1 242 174 139 139
0023_0322_0149_0072_0072.jpg 1 322 149 72 72
0024_0282_0030_0224_0224.jpg 1 282 30 224 224
0025_0153_0116_0165_0165.jpg 1 153 116 165 165
0026_0231_0118_0226_0226.jpg 1 231 118 226 226
0027_0348_0153_0221_0221.jpg 1 348 153 221 221
0028_0350_0063_0097_0097.jpg 1 350 63 97 97
0029_0158_0038_0025_0025.jpg 1 158 38 25 25
0030_0165_0064_0177_0177.jpg 1 165 64 177 177
0031_0149_0231_0102_0102.jpg 1 149 231 102 102
0032_0269_0131_0134_0134.jpg 1 269 131 134 134
0033_0167_0149_0039_0039.jpg 1 167 149 39 39
0034_0444_0085_0066_0066.jpg 1 444 85 66 66
0035_0137_0163_0024_0024.jpg 1 137 163 24 24
0036_0142_0149_0103_0103.jpg 1 142 149 103 103
0037_0341_0073_0236_0236.jpg 1 341 73 236 236
