0001_0130_0201_0127_0127.jpg 1 130 201 127 127
0002_0063_0127_0147_0147.jpg 1 63 127 147 147
0003_0409_0140_0076_0076.jpg 1 409 140 76 76
0004_0178_0079_0240_0240.jpg 1 178 79 240 240
0005_0234_0133_0241_0241.jpg 1 234 133 241 241
0006_0208_0141_0207_0207.jpg 1 208 141 207 207
0007_0273_0089_0240_0240.jpg 1 273 89 240 240
0008_0178_0122_0094_0094.jpg 1 178 122 94 94
0009_0278_0209_0160_0160.jpg 1 278 209 160 160
0010_0135_0049_0234_0234.jpg 1 135 49 234 234
0011_0365_0076_0193_0193.jpg 1 365 76 193 193
0012_0150_0133_0154_0154.jpg 1 150 133 154 154
0013_0058_0220_0145_0145.jpg 1 58 220 145 145
0014_0331_0124_0202_0202.jpg 1 331 124 202 202
0015_0142_0039_0071_0071.jpg 1 142 39 71 71
0016_0175_0075_0121_0121.jpg 1 175 75 121 121
0017_0329_0055_0233_0233.jpg 1 329 55 233 233
0018_0203_0067_0046_0046.jpg 1 203 67 46 46
0019_0330_0024_0244_0244.jpg 1 330 24 244 244
0020_0161_0149_0200_0200.jpg 1 161 149 200 200
0021_0274_0208_0143_0143.jpg 1 274 208 143 143
0022_0055_0099_0088_0088.jpg 1 55 99 88 88
0023_0230_0073_0238_0238.jpg 1 230 73 238 238
0024_0207_0215_0147_0147.jpg 1 207 215 147 147
0025_0306_0101_0055_0055.jpg 1 306 101 55 55
0026_0384_0204_0068_0068.jpg 1 384 204 68 68
0027_0038_0087_0278_0278.jpg 1 38 87 278 278
0028_0160_0117_0247_0247.jpg 1 160 117 247 247
0029_0264_0070_0196_0196.jpg 1 264 70 196 196
0030_0336_0211_0154_0154.jpg 1 336 211 154 154
0031_0082_0102_0033_0033.jpg 1 82 102 33 33
0032_0204_0167_0151_0151.jpg 1 204 167 151 151
0033_0284_0080_0054_0054.jpg 1 284 80 54 54
0034_0086_0090_0187_0187.jpg 1 86 90 187 187
0035_0121_0330_0026_0026.jpg 1 121 330 26 26
0036_0273_0145_0159_0159.jpg 1 273 145 159 159
0037_0065_0014_0259_0259.jpg 1 65 14 259 259
0038_0066_0014_0275_0275.jpg 1 66 14 275 275
