0001_0320_0040_0044_0044.jpg 1 320 40 44 44
0002_0232_0081_0041_0041.jpg 1 232 81 41 41
0003_0136_0159_0093_0093.jpg 1 136 159 93 93
0004_0230_0167_0183_0183.jpg 1 230 167 183 183
0005_0147_0052_0035_0035.jpg 1 147 52 35 35
0006_0422_0291_0067_0067.jpg 1 422 291 67 67
0007_0087_0126_0052_0052.jpg 1 87 126 52 52
0008_0357_0033_0219_0219.jpg 1 357 33 219 219
0009_0080_0080_0274_0274.jpg 1 80 80 274 274
0010_0204_0080_0142_0142.jpg 1 204 80 142 142
0011_0286_0037_0134_0134.jpg 1 286 37 134 134
0012_0400_0161_0116_0116.jpg 1 400 161 116 116
0013_0211_0085_0242_0242.jpg 1 211 85 242 242
0014_0215_0080_0247_0247.jpg 1 215 80 247 247
0015_0422_0195_0128_0128.jpg 1 422 195 128 128
0016_0090_0083_0277_0277.jpg 1 90 83 277 277
0017_0201_0165_0113_0113.jpg 1 201 165 113 113
0018_0541_0277_0030_0030.jpg 1 541 277 30 30
0019_0398_0103_0104_0104.jpg 1 398 103 104 104
0020_0405_0215_0076_0076.jpg 1 405 215 76 76
0021_0363_0262_0032_0032.jpg 1 363 262 32 32
0022_0223_0164_0137_0137.jpg 1 223 164 137 137
0023_0443_0116_0127_0127.jpg 1 443 116 127 127
0024_0096_0232_0113_0113.jpg 1 96 232 113 113
0025_0428_0118_0067_0067.jpg 1 428 118 67 67
0026_0183_0232_0085_0085.jpg 1 183 232 85 85
0027_0167_0050_0166_0166.jpg 1 167 50 166 166
0028_0314_0079_0119_0119.jpg 1 314 79 119 119
0029_0303_0141_0135_0135.jpg 1 303 141 135 135
0030_0303_0166_0041_0041.jpg 1 303 166 41 41
0031_0117_0035_0165_0165.jpg 1 117 35 165 165
0032_0327_0184_0066_0066.jpg 1 327 184 66 66
0033_0264_0068_0234_0234.jpg 1 264 68 234 234
0034_0292_0201_0116_0116.jpg 1 292 201 116 116
0035_0286_0090_0207_0207.jpg 1 286 90 207 207
0036_0081_0105_0100_0100.jpg 1 81 105 100 100
0037_0322_0213_0106_0106.jpg 1 322 213 106 106
0038_0139_0159_0139_0139.jpg 1 139 159 139 139
