0001_0329_0128_0250_0250.jpg 1 329 128 250 250
0002_0332_0275_0068_0068.jpg 1 332 275 68 68
0003_0379_0061_0058_0058.jpg 1 379 61 58 58
0004_0117_0071_0082_0082.jpg 1 117 71 82 82
0005_0191_0040_0144_0144.jpg 1 191 40 144 144
0006_0351_0048_0243_0243.jpg 1 351 48 243 243
0007_0094_0114_0227_0227.jpg 1 94 114 227 227
0008_0160_0167_0113_0113.jpg 1 160 167 113 113
0009_0320_0051_0264_0264.jpg 1 320 51 264 264
0010_0307_0160_0046_0046.jpg 1 307 160 46 46
0011_0359_0077_0187_0187.jpg 1 359 77 187 187
0012_0167_0082_0199_0199.jpg 1 167 82 199 199
0013_0106_0168_0093_0093.jpg 1 106 168 93 93
0014_0522_0062_0057_0057.jpg 1 522 62 57 57
0015_0131_0169_0067_0067.jpg 1 131 169 67 67
0016_0433_0238_0131_0131.jpg 1 433 238 131 131
0017_0324_0083_0169_0169.jpg 1 324 83 169 169
0018_0324_0030_0200_0200.jpg 1 324 30 200 200
0019_0200_0069_0210_0210.jpg 1 200 69 210 210
0020_0104_0096_0251_0251.jpg 1 104 96 251 251
0021_0122_0147_0075_0075.jpg 1 122 147 75 75
0022_0176_0127_0174_0174.jpg 1 176 127 174 174
0023_0041_0092_0278_0278.jpg 1 41 92 278 278
0024_0122_0159_0197_0197.jpg 1 122 159 197 197
0025_0332_0266_0046_0046.jpg 1 332 266 46 46
0026_0160_0051_0063_0063.jpg 1 160 51 63 63
0027_0084_0132_0230_0230.jpg 1 84 132 230 230
0028_0347_0111_0119_0119.jpg 1 347 111 119 119
0029_0101_0246_0028_0028.jpg 1 101 246 28 28
0030_0226_0234_0112_0112.jpg 1 226 234 112 112
0031_0321_0099_0238_0238.jpg 1 321 99 238 238
0032_0082_0084_0123_0123.jpg 1 82 84 123 123
0033_0275_0179_0025_0025.jpg 1 275 179 25 25
0034_0203_0095_0189_0189.jpg 1 203 95 189 189
0035_0159_0116_0226_0226.jpg 1 159 116 226 226
0036_0119_0250_0053_0053.jpg 1 119 250 53 53
0037_0317_0185_0077_0077.jpg 1 317 185 77 77
