0001_0068_0164_0061_0061.jpg 1 68 164 61 61
0002_0097_0127_0156_0156.jpg 1 97 127 156 156
0003_0312_0034_0073_0073.jpg 1 312 34 73 73
0004_0293_0123_0234_0234.jpg 1 293 123 234 234
0005_0331_0151_0185_0185.jpg 1 331 151 185 185
0006_0141_0046_0138_0138.jpg 1 141 46 138 138
0007_0136_0117_0026_0026.jpg 1 136 117 26 26
0008_0232_0183_0129_0129.jpg 1 232 183 129 129
0009_0239_0104_0061_0061.jpg 1 239 104 61 61
0010_0431_0203_0138_0138.jpg 1 431 203 138 138
0011_0197_0114_0146_0146.jpg 1 197 114 146 146
0012_0503_0097_0042_0042.jpg 1 503 97 42 42
0013_0348_0103_0122_0122.jpg 1 348 103 122 122
0014_0066_0160_0184_0184.jpg 1 66 160 184 184
0015_0055_0157_0196_0196.jpg 1 55 157 196 196
0016_0250_0068_0188_0188.jpg 1 250 68 188 188
0017_0205_0109_0249_0249.jpg 1 205 109 249 249
0018_0273_0097_0228_0228.jpg 1 273 97 228 228
0019_0396_0122_0035_0035.jpg 1 396 122 35 35
0020_0186_0071_0138_0138.jpg 1 186 71 138 138
0021_0314_0181_0075_0075.jpg 1 314 181 75 75
0022_0164_0177_0058_0058.jpg 1 164 177 58 58
0023_0041_0071_0237_0237.jpg 1 41 71 237 237
0024_0479_0155_0046_0046.jpg 1 479 155 46 46
0025_0395_0251_0062_0062.jpg 1 395 251 62 62
0026_0292_0074_0271_0271.jpg 1 292 74 271 271
0027_0314_0144_0137_0137.jpg 1 314 144 137 137
0028_0071_0081_0270_0270.jpg 1 71 81 270 270
0029_0252_0110_0061_0061.jpg 1 252 110 61 61
0030_0371_0257_0099_0099.jpg 1 371 257 99 99
0031_0189_0174_0186_0186.jpg 1 189 174 186 186
0032_0079_0194_0103_0103.jpg 1 79 194 103 103
0033_0085_0284_0071_0071.jpg 1 85 284 71 71
0034_0290_0107_0227_0227.jpg 1 290 107 227 227
0035_0112_0133_0187_0187.jpg 1 112 133 187 187
0036_0177_0088_0097_0097.jpg 1 177 88 97 97
0037_0232_0051_0029_0029.jpg 1 232 51 29 29
