0001_0117_0122_0245_0245.jpg 1 117 122 245 245
0002_0266_0159_0148_0148.jpg 1 266 159 148 148
0003_0284_0266_0027_0027.jpg 1 284 266 27 27
0004_0392_0183_0156_0156.jpg 1 392 183 156 156
0005_0064_0055_0171_0171.jpg 1 64 55 171 171
0006_0322_0075_0025_0025.jpg 1 322 75 25 25
0007_0354_0242_0042_0042.jpg 1 354 242 42 42
0008_0361_0113_0234_0234.jpg 1 361 113 234 234
0009_0248_0160_0077_0077.jpg 1 248 160 77 77
0010_0346_0061_0177_0177.jpg 1 346 61 177 177
0011_0151_0092_0279_0279.jpg 1 151 92 279 279
0012_0103_0071_0231_0231.jpg 1 103 71 231 231
0013_0225_0109_0159_0159.jpg 1 225 109 159 159
0014_0258_0060_0149_0149.jpg 1 258 60 149 149
0015_0277_0043_0259_0259.jpg 1 277 43 259 259
0016_0316_0118_0267_0267.jpg 1 316 118 267 267
0017_0334_0111_0167_0167.jpg 1 334 111 167 167
0018_0248_0111_0249_0249.jpg 1 248 111 249 249
0019_0102_0039_0273_0273.jpg 1 102 39 273 273
0020_0258_0307_0044_0044.jpg 1 258 307 44 44
0021_0199_0101_0263_0263.jpg 1 199 101 263 263
0022_0216_0137_0235_0235.jpg 1 216 137 235 235
0023_0211_0052_0248_0248.jpg 1 211 52 248 248
0024_0295_0078_0220_0220.jpg 1 295 78 220 220
0025_0323_0069_0102_0102.jpg 1 323 69 102 102
0026_0121_0239_0102_0102.jpg 1 121 239 102 102
0027_0076_0185_0126_0126.jpg 1 76 185 126 126
0028_0234_0108_0222_0222.jpg 1 234 108 222 222
0029_0250_0152_0210_0210.jpg 1 250 152 210 210
0030_0129_0150_0151_0151.jpg 1 129 150 151 151
0031_0330_0027_0175_0175.jpg 1 330 27 175 175
0032_0318_0060_0194_0194.jpg 1 318 60 194 194
0033_0122_0019_0261_0261.jpg 1 122 19 261 261
0034_0245_0096_0097_0097.jpg 1 245 96 97 97
0035_0430_0137_0030_0030.jpg 1 430 137 30 30
0036_0215_0248_0032_0032.jpg 1 215 248 32 32
0037_0454_0054_0125_0125.jpg 1 454 54 125 125
