0001_0282_0052_0227_0227.jpg 1 282 52 227 227
0002_0073_0075_0207_0207.jpg 1 73 75 207 207
0003_0243_0254_0048_0048.jpg 1 243 254 48 48
0004_0063_0025_0234_0234.jpg 1 63 25 234 234
0005_0102_0177_0194_0194.jpg 1 102 177 194 194
0006_0181_0110_0236_0236.jpg 1 181 110 236 236
0007_0107_0040_0219_0219.jpg 1 107 40 219 219
0008_0265_0146_0233_0233.jpg 1 265 146 233 233
0009_0096_0086_0063_0063.jpg 1 96 86 63 63
0010_0219_0161_0117_0117.jpg 1 219 161 117 117
0011_0248_0173_0152_0152.jpg 1 248 173 152 152
0012_0427_0078_0057_0057.jpg 1 427 78 57 57
0013_0166_0111_0149_0149.jpg 1 166 111 149 149
0014_0056_0110_0100_0100.jpg 1 56 110 100 100
0015_0109_0120_0256_0256.jpg 1 109 120 256 256
0016_0167_0212_0115_0115.jpg 1 167 212 115 115
0017_0147_0024_0269_0269.jpg 1 147 24 269 269
0018_0270_0055_0251_0251.jpg 1 270 55 251 251
0019_0227_0033_0228_0228.jpg 1 227 33 228 228
0020_0129_0172_0199_0199.jpg 1 129 172 199 199
0021_0129_0147_0045_0045.jpg 1 129 147 45 45
0022_0214_0130_0148_0148.jpg 1 214 130 148 148
0023_0415_0104_0025_0025.jpg 1 415 104 25 25
0024_0116_0032_0260_0260.jpg 1 116 32 260 260
0025_0253_0084_0260_0260.jpg 1 253 84 260 260
0026_0136_0061_0213_0213.jpg 1 136 61 213 213
0027_0132_0029_0195_0195.jpg 1 132 29 195 195
0028_0202_0125_0103_0103.jpg 1 202 125 103 103
0029_0269_0033_0108_0108.jpg 1 269 33 108 108
0030_0156_0146_0154_0154.jpg 1 156 146 154 154
0031_0186_0057_0222_0222.jpg 1 186 57 222 222
0032_0509_0061_0073_0073.jpg 1 509 61 73 73
0033_0274_0032_0241_0241.jpg 1 274 32 241 241
0034_0447_0101_0084_0084.jpg 1 447 101 84 84
0035_0058_0039_0246_0246.jpg 1 58 39 246 246
0036_0307_0035_0271_0271.jpg 1 307 35 271 271
0037_0394_0138_0131_0131.jpg 1 394 138 131 131
