0001_0317_0065_0061_0061.jpg 1 317 65 61 61
0002_0142_0142_0235_0235.jpg 1 142 142 235 235
0003_0127_0184_0194_0194.jpg 1 127 184 194 194
0004_0134_0025_0222_0222.jpg 1 134 25 222 222
0005_0186_0102_0247_0247.jpg 1 186 102 247 247
0006_0111_0054_0203_0203.jpg 1 111 54 203 203
0007_0334_0182_0061_0061.jpg 1 334 182 61 61
0008_0043_0032_0212_0212.jpg 1 43 32 212 212
0009_0099_0206_0133_0133.jpg 1 99 206 133 133
0010_0282_0093_0229_0229.jpg 1 282 93 229 229
0011_0060_0030_0197_0197.jpg 1 60 30 197 197
0012_0330_0058_0205_0205.jpg 1 330 58 205 205
0013_0516_0091_0050_0050.jpg 1 516 91 50 50
0014_0134_0062_0077_0077.jpg 1 134 62 77 77
0015_0250_0077_0253_0253.jpg 1 250 77 253 253
0016_0214_0134_0149_0149.jpg 1 214 134 149 149
0017_0351_0175_0102_0102.jpg 1 351 175 102 102
0018_0051_0069_0220_0220.jpg 1 51 69 220 220
0019_0042_0129_0226_0226.jpg 1 42 129 226 226
0020_0298_0093_0211_0211.jpg 1 298 93 211 211
0021_0205_0064_0248_0248.jpg 1 205 64 248 248
0022_0379_0152_0055_0055.jpg 1 379 152 55 55
0023_0417_0111_0028_0028.jpg 1 417 111 28 28
0024_0083_0125_0223_0223.jpg 1 83 125 223 223
0025_0072_0024_0246_0246.jpg 1 72 24 246 246
0026_0287_0168_0156_0156.jpg 1 287 168 156 156
0027_0152_0106_0100_0100.jpg 1 152 106 100 100
0028_0205_0081_0272_0272.jpg 1 205 81 272 272
0029_0216_0071_0078_0078.jpg 1 216 71 78 78
0030_0120_0031_0177_0177.jpg 1 120 31 177 177
0031_0290_0058_0245_0245.jpg 1 290 58 245 245
0032_0175_0081_0158_0158.jpg 1 175 81 158 158
0033_0230_0078_0233_0233.jpg 1 230 78 233 233
0034_0075_0089_0125_0125.jpg 1 75 89 125 125
0035_0443_0152_0143_0143.jpg 1 443 152 143 143
0036_0067_0104_0187_0187.jpg 1 67 104 187 187
0037_0264_0199_0135_0135.jpg 1 264 199 135 135
