0001_0215_0282_0054_0054.jpg 1 215 282 54 54
0002_0082_0213_0105_0105.jpg 1 82 213 105 105
0003_0207_0084_0038_0038.jpg 1 207 84 38 38
0004_0225_0104_0173_0173.jpg 1 225 104 173 173
0005_0175_0067_0203_0203.jpg 1 175 67 203 203
0006_0109_0124_0034_0034.jpg 1 109 124 34 34
0007_0160_0173_0191_0191.jpg 1 160 173 191 191
0008_0414_0193_0035_0035.jpg 1 414 193 35 35
0009_0227_0095_0278_0278.jpg 1 227 95 278 278
0010_0250_0130_0061_0061.jpg 1 250 130 61 61
0011_0230_0169_0160_0160.jpg 1 230 169 160 160
0012_0252_0104_0169_0169.jpg 1 252 104 169 169
0013_0181_0174_0038_0038.jpg 1 181 174 38 38
0014_0257_0189_0069_0069.jpg 1 257 189 69 69
0015_0120_0089_0166_0166.jpg 1 120 89 166 166
0016_0211_0112_0257_0257.jpg 1 211 112 257 257
0017_0422_0149_0031_0031.jpg 1 422 149 31 31
0018_0455_0183_0100_0100.jpg 1 455 183 100 100
0019_0067_0036_0174_0174.jpg 1 67 36 174 174
0020_0490_0163_0051_0051.jpg 1 490 163 51 51
0021_0354_0035_0239_0239.jpg 1 354 35 239 239
0022_0083_0167_0064_0064.jpg 1 83 167 64 64
0023_0075_0132_0084_0084.jpg 1 75 132 84 84
0024_0181_0116_0180_0180.jpg 1 181 116 180 180
0025_0077_0120_0163_0163.jpg 1 77 120 163 163
0026_0481_0113_0051_0051.jpg 1 481 113 51 51
0027_0383_0131_0024_0024.jpg 1 383 131 24 24
0028_0230_0082_0142_0142.jpg 1 230 82 142 142
0029_0237_0196_0171_0171.jpg 1 237 196 171 171
0030_0271_0320_0034_0034.jpg 1 271 320 34 34
0031_0377_0254_0101_0101.jpg 1 377 254 101 101
0032_0230_0088_0279_0279.jpg 1 230 88 279 279
0033_0307_0108_0265_0265.jpg 1 307 108 265 265
0034_0040_0111_0264_0264.jpg 1 40 111 264 264
0035_0251_0049_0099_0099.jpg 1 251 49 99 99
0036_0074_0161_0109_0109.jpg 1 74 161 109 109
0037_0199_0109_0253_0253.jpg 1 199 109 253 253
