0001_0184_0084_0249_0249.jpg 1 184 84 249 249
0002_0119_0046_0272_0272.jpg 1 119 46 272 272
0003_0174_0035_0174_0174.jpg 1 174 35 174 174
0004_0083_0081_0189_0189.jpg 1 83 81 189 189
0005_0397_0096_0189_0189.jpg 1 397 96 189 189
0006_0375_0177_0143_0143.jpg 1 375 177 143 143
0007_0445_0223_0060_0060.jpg 1 445 223 60 60
0008_0173_0291_0048_0048.jpg 1 173 291 48 48
0009_0281_0259_0046_0046.jpg 1 281 259 46 46
0010_0324_0141_0211_0211.jpg 1 324 141 211 211
0011_0547_0200_0027_0027.jpg 1 547 200 27 27
0012_0105_0113_0215_0215.jpg 1 105 113 215 215
0013_0302_0183_0064_0064.jpg 1 302 183 64 64
0014_0104_0211_0049_0049.jpg 1 104 211 49 49
0015_0220_0042_0277_0277.jpg 1 220 42 277 277
0016_0125_0086_0213_0213.jpg 1 125 86 213 213
0017_0242_0172_0183_0183.jpg 1 242 172 183 183
0018_0225_0127_0190_0190.jpg 1 225 127 190 190
0019_0249_0085_0270_0270.jpg 1 249 85 270 270
0020_0240_0179_0109_0109.jpg 1 240 179 109 109
0021_0325_0212_0072_0072.jpg 1 325 212 72 72
0022_0044_0087_0206_0206.jpg 1 44 87 206 206
0023_0134_0053_0154_0154.jpg 1 134 53 154 154
0024_0161_0024_0221_0221.jpg 1 161 24 221 221
0025_0521_0206_0024_0024.jpg 1 521 206 24 24
0026_0234_0065_0264_0264.jpg 1 234 65 264 264
0027_0059_0077_0189_0189.jpg 1 59 77 189 189
0028_0097_0092_0269_0269.jpg 1 97 92 269 269
0029_0319_0084_0082_0082.jpg 1 319 84 82 82
0030_0417_0212_0035_0035.jpg 1 417 212 35 35
0031_0075_0087_0178_0178.jpg 1 75 87 178 178
0032_0234_0116_0149_0149.jpg 1 234 116 149 149
0033_0245_0096_0250_0250.jpg 1 245 96 250 250
0034_0199_0066_0248_0248.jpg 1 199 66 248 248
0035_0163_0138_0044_0044.jpg 1 163 138 44 44
0036_0324_0094_0084_0084.jpg 1 324 94 84 84
0037_0266_0185_0075_0075.jpg 1 266 185 75 75
