0001_0290_0118_0212_0212.jpg 1 290 118 212 212
0002_0105_0041_0144_0144.jpg 1 105 41 144 144
0003_0169_0145_0209_0209.jpg 1 169 145 209 209
0004_0162_0081_0205_0205.jpg 1 162 81 205 205
0005_0239_0219_0128_0128.jpg 1 239 219 128 128
0006_0100_0029_0265_0265.jpg 1 100 29 265 265
0007_0236_0083_0157_0157.jpg 1 236 83 157 157
0008_0263_0038_0269_0269.jpg 1 263 38 269 269
0009_0393_0030_0151_0151.jpg 1 393 30 151 151
0010_0116_0221_0077_0077.jpg 1 116 221 77 77
0011_0443_0033_0090_0090.jpg 1 443 33 90 90
0012_0164_0065_0250_0250.jpg 1 164 65 250 250
0013_0345_0046_0242_0242.jpg 1 345 46 242 242
0014_0218_0033_0195_0195.jpg 1 218 33 195 195
0015_0424_0072_0116_0116.jpg 1 424 72 116 116
0016_0323_0107_0042_0042.jpg 1 323 107 42 42
0017_0198_0164_0147_0147.jpg 1 198 164 147 147
0018_0434_0254_0058_0058.jpg 1 434 254 58 58
0019_0247_0031_0158_0158.jpg 1 247 31 158 158
0020_0220_0083_0272_0272.jpg 1 220 83 272 272
0021_0088_0228_0046_0046.jpg 1 88 228 46 46
0022_0076_0188_0189_0189.jpg 1 76 188 189 189
0023_0129_0111_0043_0043.jpg 1 129 111 43 43
0024_0068_0104_0224_0224.jpg 1 68 104 224 224
0025_0240_0076_0159_0159.jpg 1 240 76 159 159
0026_0088_0269_0041_0041.jpg 1 88 269 41 41
0027_0096_0233_0135_0135.jpg 1 96 233 135 135
0028_0442_0163_0091_0091.jpg 1 442 163 91 91
0029_0125_0093_0193_0193.jpg 1 125 93 193 193
0030_0174_0074_0269_0269.jpg 1 174 74 269 269
0031_0218_0069_0181_0181.jpg 1 218 69 181 181
0032_0080_0111_0266_0266.jpg 1 80 111 266 266
0033_0226_0084_0202_0202.jpg 1 226 84 202 202
0034_0245_0125_0200_0200.jpg 1 245 125 200 200
0035_0356_0201_0116_0116.jpg 1 356 201 116 116
0036_0375_0177_0064_0064.jpg 1 375 177 64 64
0037_0304_0101_0262_0262.jpg 1 304 101 262 262
