0001_0131_0139_0211_0211.jpg 1 131 139 211 211
0002_0197_0275_0094_0094.jpg 1 197 275 94 94
0003_0053_0148_0201_0201.jpg 1 53 148 201 201
0004_0442_0201_0063_0063.jpg 1 442 201 63 63
0005_0274_0159_0186_0186.jpg 1 274 159 186 186
0006_0129_0227_0062_0062.jpg 1 129 227 62 62
0007_0193_0211_0164_0164.jpg 1 193 211 164 164
0008_0312_0111_0165_0165.jpg 1 312 111 165 165
0009_0130_0064_0236_0236.jpg 1 130 64 236 236
0010_0076_0162_0217_0217.jpg 1 76 162 217 217
0011_0125_0038_0176_0176.jpg 1 125 38 176 176
0012_0055_0251_0087_0087.jpg 1 55 251 87 87
0013_0399_0077_0171_0171.jpg 1 399 77 171 171
0014_0182_0113_0253_0253.jpg 1 182 113 253 253
0015_0072_0046_0084_0084.jpg 1 72 46 84 84
0016_0288_0064_0240_0240.jpg 1 288 64 240 240
0017_0534_0275_0029_0029.jpg 1 534 275 29 29
0018_0157_0266_0092_0092.jpg 1 157 266 92 92
0019_0416_0154_0064_0064.jpg 1 416 154 64 64
0020_0096_0171_0080_0080.jpg 1 96 171 80 80
0021_0140_0055_0264_0264.jpg 1 140 55 264 264
0022_0197_0034_0065_0065.jpg 1 197 34 65 65
0023_0281_0240_0132_0132.jpg 1 281 240 132 132
0024_0349_0224_0093_0093.jpg 1 349 224 93 93
0025_0262_0129_0236_0236.jpg 1 262 129 236 236
0026_0256_0073_0260_0260.jpg 1 256 73 260 260
0027_0174_0214_0112_0112.jpg 1 174 214 112 112
0028_0327_0079_0267_0267.jpg 1 327 79 267 267
0029_0328_0049_0058_0058.jpg 1 328 49 58 58
0030_0117_0038_0084_0084.jpg 1 117 38 84 84
0031_0208_0170_0201_0201.jpg 1 208 170 201 201
0032_0054_0109_0231_0231.jpg 1 54 109 231 231
0033_0349_0061_0106_0106.jpg 1 349 61 106 106
0034_0472_0067_0053_0053.jpg 1 472 67 53 53
0035_0049_0151_0150_0150.jpg 1 49 151 150 150
0036_0097_0213_0034_0034.jpg 1 97 213 34 34
0037_0162_0161_0040_0040.jpg 1 162 161 40 40
0038_0066_0065_0157_0157.jpg 1 66 65 157 157
