0001_0492_0201_0037_0037.jpg 1 492 201 37 37
0002_0218_0074_0196_0196.jpg 1 218 74 196 196
0003_0103_0082_0047_0047.jpg 1 103 82 47 47
0004_0138_0197_0105_0105.jpg 1 138 197 105 105
0005_0180_0022_0233_0233.jpg 1 180 22 233 233
0006_0059_0096_0266_0266.jpg 1 59 96 266 266
0007_0213_0113_0226_0226.jpg 1 213 113 226 226
0008_0524_0213_0040_0040.jpg 1 524 213 40 40
0009_0214_0062_0246_0246.jpg 1 214 62 246 246
0010_0284_0179_0164_0164.jpg 1 284 179 164 164
0011_0308_0104_0171_0171.jpg 1 308 104 171 171
0012_0125_0234_0057_0057.jpg 1 125 234 57 57
0013_0300_0198_0047_0047.jpg 1 300 198 47 47
0014_0053_0082_0249_0249.jpg 1 53 82 249 249
0015_0442_0202_0097_0097.jpg 1 442 202 97 97
0016_0184_0140_0217_0217.jpg 1 184 140 217 217
0017_0075_0230_0025_0025.jpg 1 75 230 25 25
0018_0126_0193_0163_0163.jpg 1 126 193 163 163
0019_0220_0099_0234_0234.jpg 1 220 99 234 234
0020_0267_0179_0181_0181.jpg 1 267 179 181 181
0021_0326_0119_0069_0069.jpg 1 326 119 69 69
0022_0285_0046_0048_0048.jpg 1 285 46 48 48
0023_0282_0124_0052_0052.jpg 1 282 124 52 52
0024_0282_0023_0188_0188.jpg 1 282 23 188 188
0025_0441_0097_0030_0030.jpg 1 441 97 30 30
0026_0113_0105_0108_0108.jpg 1 113 105 108 108
0027_0471_0188_0037_0037.jpg 1 471 188 37 37
0028_0249_0107_0121_0121.jpg 1 249 107 121 121
0029_0342_0018_0250_0250.jpg 1 342 18 250 250
0030_0215_0229_0084_0084.jpg 1 215 229 84 84
0031_0387_0173_0101_0101.jpg 1 387 173 101 101
0032_0129_0070_0256_0256.jpg 1 129 70 256 256
0033_0084_0160_0059_0059.jpg 1 84 160 59 59
0034_0161_0155_0209_0209.jpg 1 161 155 209 209
0035_0431_0145_0143_0143.jpg 1 431 145 143 143
0036_0165_0039_0176_0176.jpg 1 165 39 176 176
0037_0159_0114_0222_0222.jpg 1 159 114 222 222
0038_0402_0093_0101_0101.jpg 1 402 93 101 101
