0001_0404_0158_0099_0099.jpg 1 404 158 99 99
0002_0353_0108_0239_0239.jpg 1 353 108 239 239
0003_0331_0170_0165_0165.jpg 1 331 170 165 165
0004_0106_0056_0089_0089.jpg 1 106 56 89 89
0005_0105_0148_0080_0080.jpg 1 105 148 80 80
0006_0059_0158_0148_0148.jpg 1 59 158 148 148
0007_0318_0090_0244_0244.jpg 1 318 90 244 244
0008_0248_0155_0063_0063.jpg 1 248 155 63 63
0009_0340_0067_0190_0190.jpg 1 340 67 190 190
0010_0099_0040_0267_0267.jpg 1 99 40 267 267
0011_0116_0111_0166_0166.jpg 1 116 111 166 166
0012_0173_0247_0116_0116.jpg 1 173 247 116 116
0013_0140_0136_0194_0194.jpg 1 140 136 194 194
0014_0379_0077_0061_0061.jpg 1 379 77 61 61
0015_0410_0133_0140_0140.jpg 1 410 133 140 140
0016_0303_0024_0247_0247.jpg 1 303 24 247 247
0017_0136_0104_0191_0191.jpg 1 136 104 191 191
0018_0439_0161_0091_0091.jpg 1 439 161 91 91
0019_0403_0163_0074_0074.jpg 1 403 163 74 74
0020_0544_0052_0033_0033.jpg 1 544 52 33 33
0021_0076_0110_0263_0263.jpg 1 76 110 263 263
0022_0402_0033_0084_0084.jpg 1 402 33 84 84
0023_0211_0097_0092_0092.jpg 1 211 97 92 92
0024_0080_0042_0241_0241.jpg 1 80 42 241 241
0025_0209_0162_0165_0165.jpg 1 209 162 165 165
0026_0222_0136_0199_0199.jpg 1 222 136 199 199
0027_0161_0116_0202_0202.jpg 1 161 116 202 202
0028_0083_0032_0130_0130.jpg 1 83 32 130 130
0029_0120_0052_0045_0045.jpg 1 120 52 45 45
0030_0087_0075_0247_0247.jpg 1 87 75 247 247
0031_0242_0069_0050_0050.jpg 1 242 69 50 50
0032_0212_0211_0048_0048.jpg 1 212 211 48 48
0033_0187_0091_0113_0113.jpg 1 187 91 113 113
0034_0169_0242_0130_0130.jpg 1 169 242 130 130
0035_0127_0123_0255_0255.jpg 1 127 123 255 255
0036_0149_0061_0228_0228.jpg 1 149 61 228 228
0037_0222_0266_0060_0060.jpg 1 222 266 60 60
0038_0406_0247_0037_0037.jpg 1 406 247 37 37
