0001_0266_0142_0172_0172.jpg 1 266 142 172 172
0002_0282_0159_0120_0120.jpg 1 282 159 120 120
0003_0166_0022_0214_0214.jpg 1 166 22 214 214
0004_0067_0065_0044_0044.jpg 1 67 65 44 44
0005_0165_0024_0230_0230.jpg 1 165 24 230 230
0006_0360_0161_0147_0147.jpg 1 360 161 147 147
0007_0211_0102_0252_0252.jpg 1 211 102 252 252
0008_0082_0034_0256_0256.jpg 1 82 34 256 256
0009_0381_0151_0125_0125.jpg 1 381 151 125 125
0010_0156_0136_0139_0139.jpg 1 156 136 139 139
0011_0350_0206_0157_0157.jpg 1 350 206 157 157
0012_0060_0190_0161_0161.jpg 1 60 190 161 161
0013_0510_0079_0072_0072.jpg 1 510 79 72 72
0014_0366_0088_0218_0218.jpg 1 366 88 218 218
0015_0166_0084_0253_0253.jpg 1 166 84 253 253
0016_0375_0162_0148_0148.jpg 1 375 162 148 148
0017_0045_0099_0265_0265.jpg 1 45 99 265 265
0018_0309_0170_0206_0206.jpg 1 309 170 206 206
0019_0049_0147_0159_0159.jpg 1 49 147 159 159
0020_0318_0145_0115_0115.jpg 1 318 145 115 115
0021_0302_0075_0109_0109.jpg 1 302 75 109 109
0022_0284_0030_0241_0241.jpg 1 284 30 241 241
0023_0312_0126_0029_0029.jpg 1 312 126 29 29
0024_0048_0079_0197_0197.jpg 1 48 79 197 197
0025_0258_0022_0198_0198.jpg 1 258 22 198 198
0026_0366_0181_0091_0091.jpg 1 366 181 91 91
0027_0180_0113_0156_0156.jpg 1 180 113 156 156
0028_0403_0209_0155_0155.jpg 1 403 209 155 155
0029_0447_0056_0123_0123.jpg 1 447 56 123 123
0030_0293_0302_0060_0060.jpg 1 293 302 60 60
0031_0158_0062_0254_0254.jpg 1 158 62 254 254
0032_0147_0064_0093_0093.jpg 1 147 64 93 93
0033_0318_0157_0216_0216.jpg 1 318 157 216 216
0034_0196_0138_0237_0237.jpg 1 196 138 237 237
0035_0181_0095_0201_0201.jpg 1 181 95 201 201
0036_0135_0031_0215_0215.jpg 1 135 31 215 215
0037_0327_0126_0232_0232.jpg 1 327 126 232 232
0038_0302_0148_0213_0213.jpg 1 302 148 213 213
