0001_0237_0092_0172_0172.jpg 1 237 92 172 172
0002_0098_0052_0218_0218.jpg 1 98 52 218 218
0003_0045_0090_0229_0229.jpg 1 45 90 229 229
0004_0283_0057_0068_0068.jpg 1 283 57 68 68
0005_0262_0050_0102_0102.jpg 1 262 50 102 102
0006_0134_0105_0259_0259.jpg 1 134 105 259 259
0007_0294_0123_0142_0142.jpg 1 294 123 142 142
0008_0423_0053_0119_0119.jpg 1 423 53 119 119
0009_0308_0052_0279_0279.jpg 1 308 52 279 279
0010_0247_0172_0184_0184.jpg 1 247 172 184 184
0011_0222_0131_0223_0223.jpg 1 222 131 223 223
0012_0352_0310_0053_0053.jpg 1 352 310 53 53
0013_0198_0223_0103_0103.jpg 1 198 223 103 103
0014_0397_0120_0139_0139.jpg 1 397 120 139 139
0015_0376_0047_0169_0169.jpg 1 376 47 169 169
0016_0177_0155_0197_0197.jpg 1 177 155 197 197
0017_0268_0028_0258_0258.jpg 1 268 28 258 258
0018_0234_0240_0047_0047.jpg 1 234 240 47 47
0019_0416_0221_0145_0145.jpg 1 416 221 145 145
0020_0123_0208_0046_0046.jpg 1 123 208 46 46
0021_0245_0143_0196_0196.jpg 1 245 143 196 196
0022_0347_0060_0207_0207.jpg 1 347 60 207 207
0023_0252_0023_0164_0164.jpg 1 252 23 164 164
0024_0070_0066_0161_0161.jpg 1 70 66 161 161
0025_0116_0020_0279_0279.jpg 1 116 20 279 279
0026_0215_0249_0091_0091.jpg 1 215 249 91 91
0027_0073_0220_0130_0130.jpg 1 73 220 130 130
0028_0311_0040_0164_0164.jpg 1 311 40 164 164
0029_0125_0189_0105_0105.jpg 1 125 189 105 105
0030_0229_0073_0273_0273.jpg 1 229 73 273 273
0031_0180_0030_0258_0258.jpg 1 180 30 258 258
0032_0261_0115_0243_0243.jpg 1 261 115 243 243
0033_0139_0064_0274_0274.jpg 1 139 64 274 274
0034_0075_0042_0143_0143.jpg 1 75 42 143 143
0035_0157_0175_0176_0176.jpg 1 157 175 176 176
0036_0082_0263_0043_0043.jpg 1 82 263 43 43
0037_0186_0231_0109_0109.jpg 1 186 231 109 109
