0001_0070_0134_0222_0222.jpg 1 70 134 222 222
0002_0362_0156_0111_0111.jpg 1 362 156 111 111
0003_0181_0120_0140_0140.jpg 1 181 120 140 140
0004_0217_0178_0047_0047.jpg 1 217 178 47 47
0005_0257_0125_0173_0173.jpg 1 257 125 173 173
0006_0066_0092_0120_0120.jpg 1 66 92 120 120
0007_0128_0076_0266_0266.jpg 1 128 76 266 266
0008_0297_0242_0046_0046.jpg 1 297 242 46 46
0009_0310_0068_0277_0277.jpg 1 310 68 277 277
0010_0451_0098_0030_0030.jpg 1 451 98 30 30
0011_0296_0108_0116_0116.jpg 1 296 108 116 116
0012_0339_0082_0168_0168.jpg 1 339 82 168 168
0013_0178_0041_0055_0055.jpg 1 178 41 55 55
0014_0163_0068_0042_0042.jpg 1 163 68 42 42
0015_0120_0047_0263_0263.jpg 1 120 47 263 263
0016_0394_0269_0100_0100.jpg 1 394 269 100 100
0017_0335_0108_0147_0147.jpg 1 335 108 147 147
0018_0133_0055_0106_0106.jpg 1 133 55 106 106
0019_0060_0164_0146_0146.jpg 1 60 164 146 146
0020_0285_0252_0106_0106.jpg 1 285 252 106 106
0021_0483_0302_0032_0032.jpg 1 483 302 32 32
0022_0415_0056_0078_0078.jpg 1 415 56 78 78
0023_0244_0062_0274_0274.jpg 1 244 62 274 274
0024_0252_0138_0141_0141.jpg 1 252 138 141 141
0025_0276_0053_0179_0179.jpg 1 276 53 179 179
0026_0379_0263_0093_0093.jpg 1 379 263 93 93
0027_0207_0166_0046_0046.jpg 1 207 166 46 46
0028_0114_0113_0202_0202.jpg 1 114 113 202 202
0029_0187_0177_0164_0164.jpg 1 187 177 164 164
0030_0325_0027_0168_0168.jpg 1 325 27 168 168
0031_0243_0107_0217_0217.jpg 1 243 107 217 217
0032_0266_0200_0112_0112.jpg 1 266 200 112 112
0033_0345_0045_0072_0072.jpg 1 345 45 72 72
0034_0144_0245_0105_0105.jpg 1 144 245 105 105
0035_0067_0070_0117_0117.jpg 1 67 70 117 117
0036_0070_0176_0036_0036.jpg 1 70 176 36 36
0037_0337_0181_0173_0173.jpg 1 337 181 173 173
