0001_0103_0079_0178_0178.jpg 1 103 79 178 178
0002_0056_0114_0188_0188.jpg 1 56 114 188 188
0003_0064_0104_0267_0267.jpg 1 64 104 267 267
0004_0363_0170_0130_0130.jpg 1 363 170 130 130
0005_0237_0016_0253_0253.jpg 1 237 16 253 253
0006_0292_0057_0250_0250.jpg 1 292 57 250 250
0007_0242_0055_0236_0236.jpg 1 242 55 236 236
0008_0116_0066_0229_0229.jpg 1 116 66 229 229
0009_0179_0260_0093_0093.jpg 1 179 260 93 93
0010_0361_0227_0031_0031.jpg 1 361 227 31 31
0011_0315_0097_0254_0254.jpg 1 315 97 254 254
0012_0512_0110_0032_0032.jpg 1 512 110 32 32
0013_0175_0111_0114_0114.jpg 1 175 111 114 114
0014_0253_0155_0169_0169.jpg 1 253 155 169 169
0015_0360_0170_0060_0060.jpg 1 360 170 60 60
0016_0059_0147_0224_0224.jpg 1 59 147 224 224
0017_0395_0180_0145_0145.jpg 1 395 180 145 145
0018_0473_0147_0037_0037.jpg 1 473 147 37 37
0019_0244_0095_0253_0253.jpg 1 244 95 253 253
0020_0209_0162_0141_0141.jpg 1 209 162 141 141
0021_0103_0169_0078_0078.jpg 1 103 169 78 78
0022_0059_0196_0090_0090.jpg 1 59 196 90 90
0023_0239_0138_0193_0193.jpg 1 239 138 193 193
0024_0067_0031_0244_0244.jpg 1 67 31 244 244
0025_0099_0139_0215_0215.jpg 1 99 139 215 215
0026_0328_0122_0147_0147.jpg 1 328 122 147 147
0027_0172_0068_0203_0203.jpg 1 172 68 203 203
0028_0113_0071_0222_0222.jpg 1 113 71 222 222
0029_0448_0249_0077_0077.jpg 1 448 249 77 77
0030_0068_0126_0228_0228.jpg 1 68 126 228 228
0031_0482_0220_0087_0087.jpg 1 482 220 87 87
0032_0121_0124_0030_0030.jpg 1 121 124 30 30
0033_0118_0058_0126_0126.jpg 1 118 58 126 126
0034_0040_0039_0239_0239.jpg 1 40 39 239 239
0035_0157_0156_0101_0101.jpg 1 157 156 101 101
0036_0153_0195_0092_0092.jpg 1 153 195 92 92
0037_0146_0106_0251_0251.jpg 1 146 106 251 251
