0001_0261_0075_0121_0121.jpg 1 261 75 121 121
0002_0366_0124_0225_0225.jpg 1 366 124 225 225
0003_0311_0059_0042_0042.jpg 1 311 59 42 42
0004_0357_0073_0055_0055.jpg 1 357 73 55 55
0005_0138_0231_0138_0138.jpg 1 138 231 138 138
0006_0327_0080_0242_0242.jpg 1 327 80 242 242
0007_0308_0114_0039_0039.jpg 1 308 114 39 39
0008_0459_0137_0025_0025.jpg 1 459 137 25 25
0009_0354_0107_0163_0163.jpg 1 354 107 163 163
0010_0255_0177_0117_0117.jpg 1 255 177 117 117
0011_0293_0134_0171_0171.jpg 1 293 134 171 171
0012_0178_0055_0088_0088.jpg 1 178 55 88 88
0013_0229_0098_0211_0211.jpg 1 229 98 211 211
0014_0124_0089_0171_0171.jpg 1 124 89 171 171
0015_0410_0226_0071_0071.jpg 1 410 226 71 71
0016_0168_0052_0115_0115.jpg 1 168 52 115 115
0017_0423_0056_0085_0085.jpg 1 423 56 85 85
0018_0114_0156_0115_0115.jpg 1 114 156 115 115
0019_0251_0253_0105_0105.jpg 1 251 253 105 105
0020_0318_0134_0188_0188.jpg 1 318 134 188 188
0021_0125_0103_0278_0278.jpg 1 125 103 278 278
0022_0241_0107_0107_0107.jpg 1 241 107 107 107
0023_0129_0100_0190_0190.jpg 1 129 100 190 190
0024_0079_0044_0207_0207.jpg 1 79 44 207 207
0025_0158_0116_0231_0231.jpg 1 158 116 231 231
0026_0270_0297_0028_0028.jpg 1 270 297 28 28
0027_0334_0054_0142_0142.jpg 1 334 54 142 142
0028_0248_0018_0216_0216.jpg 1 248 18 216 216
0029_0356_0109_0054_0054.jpg 1 356 109 54 54
0030_0217_0046_0257_0257.jpg 1 217 46 257 257
0031_0389_0085_0192_0192.jpg 1 389 85 192 192
0032_0114_0116_0114_0114.jpg 1 114 116 114 114
0033_0210_0037_0178_0178.jpg 1 210 37 178 178
0034_0255_0121_0211_0211.jpg 1 255 121 211 211
0035_0262_0065_0130_0130.jpg 1 262 65 130 130
0036_0304_0093_0276_0276.jpg 1 304 93 276 276
0037_0366_0162_0212_0212.jpg 1 366 162 212 212
0038_0206_0059_0238_0238.jpg 1 206 59 238 238
