0001_0397_0172_0117_0117.jpg 1 397 172 117 117
0002_0265_0181_0050_0050.jpg 1 265 181 50 50
0003_0370_0081_0141_0141.jpg 1 370 81 141 141
0004_0161_0050_0263_0263.jpg 1 161 50 263 263
0005_0395_0049_0179_0179.jpg 1 395 49 179 179
0006_0074_0171_0055_0055.jpg 1 74 171 55 55
0007_0104_0023_0175_0175.jpg 1 104 23 175 175
0008_0319_0096_0276_0276.jpg 1 319 96 276 276
0009_0168_0117_0092_0092.jpg 1 168 117 92 92
0010_0364_0114_0186_0186.jpg 1 364 114 186 186
0011_0070_0214_0061_0061.jpg 1 70 214 61 61
0012_0313_0040_0133_0133.jpg 1 313 40 133 133
0013_0105_0117_0029_0029.jpg 1 105 117 29 29
0014_0080_0042_0067_0067.jpg 1 80 42 67 67
0015_0053_0134_0189_0189.jpg 1 53 134 189 189
0016_0407_0166_0046_0046.jpg 1 407 166 46 46
0017_0309_0106_0071_0071.jpg 1 309 106 71 71
0018_0119_0014_0266_0266.jpg 1 119 14 266 266
0019_0216_0048_0151_0151.jpg 1 216 48 151 151
0020_0317_0049_0178_0178.jpg 1 317 49 178 178
0021_0327_0204_0122_0122.jpg 1 327 204 122 122
0022_0288_0103_0231_0231.jpg 1 288 103 231 231
0023_0391_0214_0153_0153.jpg 1 391 214 153 153
0024_0332_0026_0205_0205.jpg 1 332 26 205 205
0025_0296_0175_0157_0157.jpg 1 296 175 157 157
0026_0046_0023_0183_0183.jpg 1 46 23 183 183
0027_0109_0097_0186_0186.jpg 1 109 97 186 186
0028_0265_0176_0120_0120.jpg 1 265 176 120 120
0029_0162_0083_0239_0239.jpg 1 162 83 239 239
0030_0135_0110_0219_0219.jpg 1 135 110 219 219
0031_0141_0042_0268_0268.jpg 1 141 42 268 268
0032_0416_0269_0059_0059.jpg 1 416 269 59 59
0033_0324_0033_0242_0242.jpg 1 324 33 242 242
0034_0182_0148_0082_0082.jpg 1 182 148 82 82
0035_0502_0103_0066_0066.jpg 1 502 103 66 66
0036_0328_0095_0122_0122.jpg 1 328 95 122 122
0037_0076_0027_0277_0277.jpg 1 76 27 277 277
0038_0354_0086_0119_0119.jpg 1 354 86 119 119
