0001_0372_0248_0034_0034.jpg 1 372 248 34 34
0002_0217_0105_0250_0250.jpg 1 217 105 250 250
0003_0252_0189_0166_0166.jpg 1 252 189 166 166
0004_0205_0082_0219_0219.jpg 1 205 82 219 219
0005_0364_0180_0168_0168.jpg 1 364 180 168 168
0006_0218_0045_0111_0111.jpg 1 218 45 111 111
0007_0079_0157_0089_0089.jpg 1 79 157 89 89
0008_0100_0095_0084_0084.jpg 1 100 95 84 84
0009_0297_0118_0179_0179.jpg 1 297 118 179 179
0010_0264_0277_0081_0081.jpg 1 264 277 81 81
0011_0116_0100_0205_0205.jpg 1 116 100 205 205
0012_0148_0095_0123_0123.jpg 1 148 95 123 123
0013_0083_0152_0113_0113.jpg 1 83 152 113 113
0014_0445_0160_0131_0131.jpg 1 445 160 131 131
0015_0333_0187_0031_0031.jpg 1 333 187 31 31
0016_0206_0124_0067_0067.jpg 1 206 124 67 67
0017_0283_0033_0187_0187.jpg 1 283 33 187 187
0018_0261_0192_0178_0178.jpg 1 261 192 178 178
0019_0138_0120_0072_0072.jpg 1 138 120 72 72
0020_0131_0287_0080_0080.jpg 1 131 287 80 80
0021_0450_0239_0122_0122.jpg 1 450 239 122 122
0022_0170_0078_0221_0221.jpg 1 170 78 221 221
0023_0159_0087_0241_0241.jpg 1 159 87 241 241
0024_0381_0088_0057_0057.jpg 1 381 88 57 57
0025_0138_0143_0239_0239.jpg 1 138 143 239 239
0026_0207_0150_0118_0118.jpg 1 207 150 118 118
0027_0267_0123_0184_0184.jpg 1 267 123 184 184
0028_0216_0067_0207_0207.jpg 1 216 67 207 207
0029_0149_0139_0202_0202.jpg 1 149 139 202 202
0030_0307_0122_0173_0173.jpg 1 307 122 173 173
0031_0378_0054_0209_0209.jpg 1 378 54 209 209
0032_0221_0050_0199_0199.jpg 1 221 50 199 199
0033_0143_0203_0124_0124.jpg 1 143 203 124 124
0034_0056_0078_0118_0118.jpg 1 56 78 118 118
0035_0272_0131_0212_0212.jpg 1 272 131 212 212
0036_0357_0189_0092_0092.jpg 1 357 189 92 92
0037_0354_0037_0207_0207.jpg 1 354 37 207 207
