0001_0351_0079_0234_0234.jpg 1 351 79 234 234
0002_0430_0168_0081_0081.jpg 1 430 168 81 81
0003_0155_0036_0204_0204.jpg 1 155 36 204 204
0004_0249_0089_0025_0025.jpg 1 249 89 25 25
0005_0127_0065_0234_0234.jpg 1 127 65 234 234
0006_0064_0166_0142_0142.jpg 1 64 166 142 142
0007_0367_0076_0209_0209.jpg 1 367 76 209 209
0008_0233_0234_0030_0030.jpg 1 233 234 30 30
0009_0317_0067_0216_0216.jpg 1 317 67 216 216
0010_0197_0182_0154_0154.jpg 1 197 182 154 154
0011_0223_0052_0070_0070.jpg 1 223 52 70 70
0012_0113_0136_0130_0130.jpg 1 113 136 130 130
0013_0193_0117_0099_0099.jpg 1 193 117 99 99
0014_0258_0136_0133_0133.jpg 1 258 136 133 133
0015_0136_0128_0158_0158.jpg 1 136 128 158 158
0016_0057_0121_0221_0221.jpg 1 57 121 221 221
0017_0382_0123_0139_0139.jpg 1 382 123 139 139
0018_0068_0181_0155_0155.jpg 1 68 181 155 155
0019_0084_0033_0242_0242.jpg 1 84 33 242 242
0020_0116_0208_0080_0080.jpg 1 116 208 80 80
0021_0231_0132_0186_0186.jpg 1 231 132 186 186
0022_0119_0053_0118_0118.jpg 1 119 53 118 118
0023_0249_0121_0223_0223.jpg 1 249 121 223 223
0024_0251_0135_0162_0162.jpg 1 251 135 162 162
0025_0076_0212_0158_0158.jpg 1 76 212 158 158
0026_0325_0041_0270_0270.jpg 1 325 41 270 270
0027_0149_0013_0272_0272.jpg 1 149 13 272 272
0028_0228_0024_0238_0238.jpg 1 228 24 238 238
0029_0143_0110_0089_0089.jpg 1 143 110 89 89
0030_0112_0103_0056_0056.jpg 1 112 103 56 56
0031_0232_0169_0069_0069.jpg 1 232 169 69 69
0032_0163_0126_0202_0202.jpg 1 163 126 202 202
0033_0216_0209_0105_0105.jpg 1 216 209 105 105
0034_0165_0107_0024_0024.jpg 1 165 107 24 24
0035_0260_0152_0031_0031.jpg 1 260 152 31 31
0036_0335_0117_0243_0243.jpg 1 335 117 243 243
0037_0251_0078_0176_0176.jpg 1 251 78 176 176
0038_0333_0097_0203_0203.jpg 1 333 97 203 203
