0001_0282_0093_0278_0278.jpg 1 282 93 278 278
0002_0358_0042_0182_0182.jpg 1 358 42 182 182
0003_0177_0051_0216_0216.jpg 1 177 51 216 216
0004_0200_0134_0216_0216.jpg 1 200 134 216 216
0005_0286_0149_0104_0104.jpg 1 286 149 104 104
0006_0434_0044_0098_0098.jpg 1 434 44 98 98
0007_0413_0035_0118_0118.jpg 1 413 35 118 118
0008_0359_0084_0226_0226.jpg 1 359 84 226 226
0009_0289_0177_0088_0088.jpg 1 289 177 88 88
0010_0184_0080_0085_0085.jpg 1 184 80 85 85
0011_0380_0136_0071_0071.jpg 1 380 136 71 71
0012_0188_0075_0188_0188.jpg 1 188 75 188 188
0013_0124_0046_0126_0126.jpg 1 124 46 126 126
0014_0333_0175_0195_0195.jpg 1 333 175 195 195
0015_0186_0113_0072_0072.jpg 1 186 113 72 72
0016_0344_0207_0081_0081.jpg 1 344 207 81 81
0017_0170_0285_0069_0069.jpg 1 170 285 69 69
0018_0072_0081_0249_0249.jpg 1 72 81 249 249
0019_0413_0211_0109_0109.jpg 1 413 211 109 109
0020_0181_0128_0197_0197.jpg 1 181 128 197 197
0021_0324_0172_0043_0043.jpg 1 324 172 43 43
0022_0273_0097_0114_0114.jpg 1 273 97 114 114
0023_0153_0132_0247_0247.jpg 1 153 132 247 247
0024_0420_0083_0096_0096.jpg 1 420 83 96 96
0025_0281_0038_0138_0138.jpg 1 281 38 138 138
0026_0085_0047_0226_0226.jpg 1 85 47 226 226
0027_0380_0040_0179_0179.jpg 1 380 40 179 179
0028_0173_0034_0130_0130.jpg 1 173 34 130 130
0029_0075_0224_0037_0037.jpg 1 75 224 37 37
0030_0426_0128_0085_0085.jpg 1 426 128 85 85
0031_0283_0116_0266_0266.jpg 1 283 116 266 266
0032_0326_0219_0141_0141.jpg 1 326 219 141 141
0033_0211_0045_0257_0257.jpg 1 211 45 257 257
0034_0365_0096_0181_0181.jpg 1 365 96 181 181
0035_0332_0151_0112_0112.jpg 1 332 151 112 112
0036_0086_0050_0275_0275.jpg 1 86 50 275 275
0037_0123_0288_0063_0063.jpg 1 123 288 63 63
0038_0046_0132_0219_0219.jpg 1 46 132 219 219
