0001_0132_0052_0194_0194.jpg 1 132 52 194 194
0002_0487_0245_0027_0027.jpg 1 487 245 27 27
0003_0261_0230_0098_0098.jpg 1 261 230 98 98
0004_0051_0101_0275_0275.jpg 1 51 101 275 275
0005_0414_0185_0089_0089.jpg 1 414 185 89 89
0006_0396_0162_0030_0030.jpg 1 396 162 30 30
0007_0094_0103_0241_0241.jpg 1 94 103 241 241
0008_0119_0121_0232_0232.jpg 1 119 121 232 232
0009_0052_0165_0140_0140.jpg 1 52 165 140 140
0010_0173_0128_0069_0069.jpg 1 173 128 69 69
0011_0101_0251_0117_0117.jpg 1 101 251 117 117
0012_0195_0022_0270_0270.jpg 1 195 22 270 270
0013_0351_0224_0150_0150.jpg 1 351 224 150 150
0014_0157_0119_0223_0223.jpg 1 157 119 223 223
0015_0343_0071_0234_0234.jpg 1 343 71 234 234
0016_0456_0109_0084_0084.jpg 1 456 109 84 84
0017_0256_0224_0096_0096.jpg 1 256 224 96 96
0018_0123_0052_0230_0230.jpg 1 123 52 230 230
0019_0190_0185_0166_0166.jpg 1 190 185 166 166
0020_0324_0150_0225_0225.jpg 1 324 150 225 225
0021_0269_0108_0039_0039.jpg 1 269 108 39 39
0022_0120_0126_0228_0228.jpg 1 120 126 228 228
0023_0180_0144_0229_0229.jpg 1 180 144 229 229
0024_0179_0073_0143_0143.jpg 1 179 73 143 143
0025_0378_0083_0184_0184.jpg 1 378 83 184 184
0026_0205_0100_0204_0204.jpg 1 205 100 204 204
0027_0240_0056_0172_0172.jpg 1 240 56 172 172
0028_0067_0074_0155_0155.jpg 1 67 74 155 155
0029_0170_0271_0089_0089.jpg 1 170 271 89 89
0030_0241_0124_0159_0159.jpg 1 241 124 159 159
0031_0104_0030_0220_0220.jpg 1 104 30 220 220
0032_0178_0266_0057_0057.jpg 1 178 266 57 57
0033_0225_0098_0141_0141.jpg 1 225 98 141 141
0034_0100_0038_0193_0193.jpg 1 100 38 193 193
0035_0124_0022_0194_0194.jpg 1 124 22 194 194
0036_0302_0231_0060_0060.jpg 1 302 231 60 60
0037_0302_0141_0044_0044.jpg 1 302 141 44 44
0038_0418_0193_0172_0172.jpg 1 418 193 172 172
