0001_0091_0218_0078_0078.jpg 1 91 218 78 78
0002_0430_0251_0046_0046.jpg 1 430 251 46 46
0003_0199_0320_0043_0043.jpg 1 199 320 43 43
0004_0060_0046_0271_0271.jpg 1 60 46 271 271
0005_0406_0260_0101_0101.jpg 1 406 260 101 101
0006_0254_0081_0267_0267.jpg 1 254 81 267 267
0007_0400_0120_0182_0182.jpg 1 400 120 182 182
0008_0186_0147_0158_0158.jpg 1 186 147 158 158
0009_0155_0043_0237_0237.jpg 1 155 43 237 237
0010_0175_0058_0078_0078.jpg 1 175 58 78 78
0011_0321_0097_0178_0178.jpg 1 321 97 178 178
0012_0459_0082_0075_0075.jpg 1 459 82 75 75
0013_0113_0183_0191_0191.jpg 1 113 183 191 191
0014_0277_0102_0239_0239.jpg 1 277 102 239 239
0015_0220_0076_0052_0052.jpg 1 220 76 52 52
0016_0185_0136_0176_0176.jpg 1 185 136 176 176
0017_0332_0035_0269_0269.jpg 1 332 35 269 269
0018_0096_0133_0127_0127.jpg 1 96 133 127 127
0019_0422_0106_0140_0140.jpg 1 422 106 140 140
0020_0244_0163_0119_0119.jpg 1 244 163 119 119
0021_0194_0057_0083_0083.jpg 1 194 57 83 83
0022_0054_0071_0237_0237.jpg 1 54 71 237 237
0023_0071_0109_0241_0241.jpg 1 71 109 241 241
0024_0337_0032_0256_0256.jpg 1 337 32 256 256
0025_0225_0139_0205_0205.jpg 1 225 139 205 205
0026_0135_0196_0175_0175.jpg 1 135 196 175 175
0027_0065_0075_0162_0162.jpg 1 65 75 162 162
0028_0353_0090_0205_0205.jpg 1 353 90 205 205
0029_0307_0105_0214_0214.jpg 1 307 105 214 214
0030_0112_0162_0063_0063.jpg 1 112 162 63 63
0031_0331_0051_0266_0266.jpg 1 331 51 266 266
0032_0208_0069_0063_0063.jpg 1 208 69 63 63
0033_0118_0140_0129_0129.jpg 1 118 140 129 129
0034_0134_0088_0275_0275.jpg 1 134 88 275 275
0035_0288_0172_0189_0189.jpg 1 288 172 189 189
0036_0064_0039_0277_0277.jpg 1 64 39 277 277
0037_0258_0016_0273_0273.jpg 1 258 16 273 273
