0001_0129_0105_0143_0143.jpg 1 129 105 143 143
0002_0494_0106_0082_0082.jpg 1 494 106 82 82
0003_0162_0181_0172_0172.jpg 1 162 181 172 172
0004_0086_0030_0270_0270.jpg 1 86 30 270 270
0005_0348_0197_0180_0180.jpg 1 348 197 180 180
0006_0128_0176_0180_0180.jpg 1 128 176 180 180
0007_0281_0305_0050_0050.jpg 1 281 305 50 50
0008_0175_0085_0066_0066.jpg 1 175 85 66 66
0009_0166_0062_0223_0223.jpg 1 166 62 223 223
0010_0137_0266_0080_0080.jpg 1 137 266 80 80
0011_0364_0045_0145_0145.jpg 1 364 45 145 145
0012_0382_0048_0148_0148.jpg 1 382 48 148 148
0013_0301_0124_0159_0159.jpg 1 301 124 159 159
0014_0154_0045_0074_0074.jpg 1 154 45 74 74
0015_0225_0063_0083_0083.jpg 1 225 63 83 83
0016_0336_0133_0246_0246.jpg 1 336 133 246 246
0017_0154_0218_0117_0117.jpg 1 154 218 117 117
0018_0382_0171_0203_0203.jpg 1 382 171 203 203
0019_0194_0225_0107_0107.jpg 1 194 225 107 107
0020_0199_0139_0165_0165.jpg 1 199 139 165 165
0021_0117_0037_0272_0272.jpg 1 117 37 272 272
0022_0123_0207_0168_0168.jpg 1 123 207 168 168
0023_0068_0144_0175_0175.jpg 1 68 144 175 175
0024_0462_0064_0073_0073.jpg 1 462 64 73 73
0025_0069_0162_0200_0200.jpg 1 69 162 200 200
0026_0123_0252_0074_0074.jpg 1 123 252 74 74
0027_0240_0154_0149_0149.jpg 1 240 154 149 149
0028_0234_0133_0251_0251.jpg 1 234 133 251 251
0029_0134_0114_0204_0204.jpg 1 134 114 204 204
0030_0295_0101_0237_0237.jpg 1 295 101 237 237
0031_0264_0082_0197_0197.jpg 1 264 82 197 197
0032_0172_0190_0175_0175.jpg 1 172 190 175 175
0033_0437_0219_0036_0036.jpg 1 437 219 36 36
0034_0140_0108_0215_0215.jpg 1 140 108 215 215
0035_0138_0094_0273_0273.jpg 1 138 94 273 273
0036_0269_0105_0177_0177.jpg 1 269 105 177 177
0037_0153_0166_0162_0162.jpg 1 153 166 162 162
0038_0290_0047_0257_0257.jpg 1 290 47 257 257
