0001_0292_0074_0093_0093.jpg 1 292 74 93 93
0002_0320_0219_0031_0031.jpg 1 320 219 31 31
0003_0105_0116_0145_0145.jpg 1 105 116 145 145
0004_0434_0234_0053_0053.jpg 1 434 234 53 53
0005_0149_0091_0224_0224.jpg 1 149 91 224 224
0006_0314_0109_0278_0278.jpg 1 314 109 278 278
0007_0379_0335_0026_0026.jpg 1 379 335 26 26
0008_0398_0073_0184_0184.jpg 1 398 73 184 184
0009_0106_0232_0132_0132.jpg 1 106 232 132 132
0010_0247_0175_0204_0204.jpg 1 247 175 204 204
0011_0286_0128_0170_0170.jpg 1 286 128 170 170
0012_0310_0036_0269_0269.jpg 1 310 36 269 269
0013_0338_0051_0135_0135.jpg 1 338 51 135 135
0014_0130_0043_0156_0156.jpg 1 130 43 156 156
0015_0061_0151_0166_0166.jpg 1 61 151 166 166
0016_0132_0041_0125_0125.jpg 1 132 41 125 125
0017_0152_0118_0199_0199.jpg 1 152 118 199 199
0018_0071_0058_0279_0279.jpg 1 71 58 279 279
0019_0349_0205_0128_0128.jpg 1 349 205 128 128
0020_0383_0093_0201_0201.jpg 1 383 93 201 201
0021_0331_0074_0040_0040.jpg 1 331 74 40 40
0022_0388_0212_0082_0082.jpg 1 388 212 82 82
0023_0272_0056_0198_0198.jpg 1 272 56 198 198
0024_0252_0103_0275_0275.jpg 1 252 103 275 275
0025_0444_0153_0110_0110.jpg 1 444 153 110 110
0026_0451_0287_0062_0062.jpg 1 451 287 62 62
0027_0354_0126_0130_0130.jpg 1 354 126 130 130
0028_0297_0157_0217_0217.jpg 1 297 157 217 217
0029_0174_0079_0196_0196.jpg 1 174 79 196 196
0030_0149_0132_0025_0025.jpg 1 149 132 25 25
0031_0322_0148_0227_0227.jpg 1 322 148 227 227
0032_0411_0068_0170_0170.jpg 1 411 68 170 170
0033_0265_0089_0248_0248.jpg 1 265 89 248 248
0034_0182_0121_0059_0059.jpg 1 182 121 59 59
0035_0174_0179_0031_0031.jpg 1 174 179 31 31
0036_0088_0209_0137_0137.jpg 1 88 209 137 137
0037_0077_0157_0110_0110.jpg 1 77 157 110 110
