0001_0170_0079_0167_0167.jpg 1 170 79 167 167
0002_0279_0206_0169_0169.jpg 1 279 206 169 169
0003_0181_0220_0068_0068.jpg 1 181 220 68 68
0004_0142_0079_0140_0140.jpg 1 142 79 140 140
0005_0108_0179_0128_0128.jpg 1 108 179 128 128
0006_0159_0050_0173_0173.jpg 1 159 50 173 173
0007_0367_0076_0222_0222.jpg 1 367 76 222 222
0008_0061_0244_0127_0127.jpg 1 61 244 127 127
0009_0341_0100_0218_0218.jpg 1 341 100 218 218
0010_0465_0205_0108_0108.jpg 1 465 205 108 108
0011_0308_0015_0269_0269.jpg 1 308 15 269 269
0012_0284_0126_0193_0193.jpg 1 284 126 193 193
0013_0419_0161_0051_0051.jpg 1 419 161 51 51
0014_0217_0166_0129_0129.jpg 1 217 166 129 129
0015_0094_0171_0145_0145.jpg 1 94 171 145 145
0016_0330_0158_0156_0156.jpg 1 330 158 156 156
0017_0139_0153_0125_0125.jpg 1 139 153 125 125
0018_0363_0110_0132_0132.jpg 1 363 110 132 132
0019_0514_0045_0029_0029.jpg 1 514 45 29 29
0020_0537_0037_0036_0036.jpg 1 537 37 36 36
0021_0416_0235_0026_0026.jpg 1 416 235 26 26
0022_0403_0244_0048_0048.jpg 1 403 244 48 48
0023_0410_0238_0054_0054.jpg 1 410 238 54 54
0024_0267_0112_0234_0234.jpg 1 267 112 234 234
0025_0407_0142_0028_0028.jpg 1 407 142 28 28
0026_0086_0218_0138_0138.jpg 1 86 218 138 138
0027_0163_0046_0063_0063.jpg 1 163 46 63 63
0028_0102_0067_0268_0268.jpg 1 102 67 268 268
0029_0385_0090_0120_0120.jpg 1 385 90 120 120
0030_0122_0072_0239_0239.jpg 1 122 72 239 239
0031_0331_0042_0235_0235.jpg 1 331 42 235 235
0032_0133_0096_0214_0214.jpg 1 133 96 214 214
0033_0221_0108_0175_0175.jpg 1 221 108 175 175
0034_0420_0126_0033_0033.jpg 1 420 126 33 33
0035_0273_0157_0200_0200.jpg 1 273 157 200 200
0036_0041_0075_0261_0261.jpg 1 41 75 261 261
0037_0260_0115_0176_0176.jpg 1 260 115 176 176
