0001_0324_0157_0111_0111.jpg 1 324 157 111 111
0002_0210_0196_0129_0129.jpg 1 210 196 129 129
0003_0080_0132_0109_0109.jpg 1 80 132 109 109
0004_0345_0163_0082_0082.jpg 1 345 163 82 82
0005_0329_0102_0084_0084.jpg 1 329 102 84 84
0006_0058_0128_0238_0238.jpg 1 58 128 238 238
0007_0067_0108_0278_0278.jpg 1 67 108 278 278
0008_0336_0075_0193_0193.jpg 1 336 75 193 193
0009_0088_0128_0221_0221.jpg 1 88 128 221 221
0010_0106_0065_0086_0086.jpg 1 106 65 86 86
0011_0458_0180_0057_0057.jpg 1 458 180 57 57
0012_0347_0096_0102_0102.jpg 1 347 96 102 102
0013_0147_0104_0212_0212.jpg 1 147 104 212 212
0014_0299_0087_0063_0063.jpg 1 299 87 63 63
0015_0311_0259_0110_0110.jpg 1 311 259 110 110
0016_0345_0084_0145_0145.jpg 1 345 84 145 145
0017_0315_0031_0104_0104.jpg 1 315 31 104 104
0018_0450_0155_0093_0093.jpg 1 450 155 93 93
0019_0182_0254_0069_0069.jpg 1 182 254 69 69
0020_0080_0061_0265_0265.jpg 1 80 61 265 265
0021_0082_0147_0210_0210.jpg 1 82 147 210 210
0022_0207_0098_0257_0257.jpg 1 207 98 257 257
0023_0089_0232_0095_0095.jpg 1 89 232 95 95
0024_0303_0105_0271_0271.jpg 1 303 105 271 271
0025_0405_0113_0151_0151.jpg 1 405 113 151 151
0026_0367_0161_0117_0117.jpg 1 367 161 117 117
0027_0093_0238_0026_0026.jpg 1 93 238 26 26
0028_0129_0074_0045_0045.jpg 1 129 74 45 45
0029_0153_0103_0274_0274.jpg 1 153 103 274 274
0030_0138_0100_0076_0076.jpg 1 138 100 76 76
0031_0142_0057_0234_0234.jpg 1 142 57 234 234
0032_0374_0203_0110_0110.jpg 1 374 203 110 110
0033_0128_0188_0098_0098.jpg 1 128 188 98 98
0034_0344_0113_0257_0257.jpg 1 344 113 257 257
0035_0079_0021_0248_0248.jpg 1 79 21 248 248
0036_0087_0190_0119_0119.jpg 1 87 190 119 119
0037_0222_0065_0260_0260.jpg 1 222 65 260 260
0038_0335_0114_0253_0253.jpg 1 335 114 253 253
