0001_0371_0064_0200_0200.jpg 1 371 64 200 200
0002_0189_0088_0204_0204.jpg 1 189 88 204 204
0003_0105_0032_0257_0257.jpg 1 105 32 257 257
0004_0425_0091_0072_0072.jpg 1 425 91 72 72
0005_0280_0023_0185_0185.jpg 1 280 23 185 185
0006_0333_0047_0109_0109.jpg 1 333 47 109 109
0007_0327_0071_0153_0153.jpg 1 327 71 153 153
0008_0461_0105_0091_0091.jpg 1 461 105 91 91
0009_0178_0097_0068_0068.jpg 1 178 97 68 68
0010_0226_0194_0126_0126.jpg 1 226 194 126 126
0011_0290_0055_0224_0224.jpg 1 290 55 224 224
0012_0409_0166_0144_0144.jpg 1 409 166 144 144
0013_0444_0284_0055_0055.jpg 1 444 284 55 55
0014_0131_0114_0190_0190.jpg 1 131 114 190 190
0015_0102_0117_0253_0253.jpg 1 102 117 253 253
0016_0360_0162_0134_0134.jpg 1 360 162 134 134
0017_0125_0117_0265_0265.jpg 1 125 117 265 265
0018_0280_0079_0153_0153.jpg 1 280 79 153 153
0019_0176_0139_0208_0208.jpg 1 176 139 208 208
0020_0106_0157_0109_0109.jpg 1 106 157 109 109
0021_0086_0118_0096_0096.jpg 1 86 118 96 96
0022_0288_0214_0078_0078.jpg 1 288 214 78 78
0023_0502_0162_0058_0058.jpg 1 502 162 58 58
0024_0160_0119_0099_0099.jpg 1 160 119 99 99
0025_0402_0209_0099_0099.jpg 1 402 209 99 99
0026_0315_0132_0180_0180.jpg 1 315 132 180 180
0027_0407_0050_0065_0065.jpg 1 407 50 65 65
0028_0403_0045_0186_0186.jpg 1 403 45 186 186
0029_0321_0020_0225_0225.jpg 1 321 20 225 225
0030_0138_0105_0200_0200.jpg 1 138 105 200 200
0031_0065_0046_0240_0240.jpg 1 65 46 240 240
0032_0086_0145_0091_0091.jpg 1 86 145 91 91
0033_0257_0023_0253_0253.jpg 1 257 23 253 253
0034_0121_0099_0158_0158.jpg 1 121 99 158 158
0035_0375_0213_0133_0133.jpg 1 375 213 133 133
0036_0325_0172_0100_0100.jpg 1 325 172 100 100
0037_0240_0099_0276_0276.jpg 1 240 99 276 276
0038_0154_0046_0152_0152.jpg 1 154 46 152 152
