0001_0411_0268_0084_0084.jpg 1 411 268 84 84
0002_0055_0100_0174_0174.jpg 1 55 100 174 174
0003_0153_0250_0068_0068.jpg 1 153 250 68 68
0004_0176_0090_0187_0187.jpg 1 176 90 187 187
0005_0200_0095_0136_0136.jpg 1 200 95 136 136
0006_0334_0211_0161_0161.jpg 1 334 211 161 161
0007_0085_0138_0142_0142.jpg 1 85 138 142 142
0008_0380_0106_0133_0133.jpg 1 380 106 133 133
0009_0282_0107_0201_0201.jpg 1 282 107 201 201
0010_0147_0094_0205_0205.jpg 1 147 94 205 205
0011_0355_0134_0129_0129.jpg 1 355 134 129 129
0012_0315_0299_0046_0046.jpg 1 315 299 46 46
0013_0219_0054_0275_0275.jpg 1 219 54 275 275
0014_0357_0026_0143_0143.jpg 1 357 26 143 143
0015_0354_0063_0219_0219.jpg 1 354 63 219 219
0016_0330_0082_0249_0249.jpg 1 330 82 249 249
0017_0334_0022_0195_0195.jpg 1 334 22 195 195
0018_0342_0146_0083_0083.jpg 1 342 146 83 83
0019_0247_0198_0153_0153.jpg 1 247 198 153 153
0020_0359_0203_0031_0031.jpg 1 359 203 31 31
0021_0248_0025_0268_0268.jpg 1 248 25 268 268
0022_0384_0081_0161_0161.jpg 1 384 81 161 161
0023_0186_0089_0028_0028.jpg 1 186 89 28 28
0024_0310_0074_0230_0230.jpg 1 310 74 230 230
0025_0289_0144_0218_0218.jpg 1 289 144 218 218
0026_0440_0049_0143_0143.jpg 1 440 49 143 143
0027_0037_0056_0279_0279.jpg 1 37 56 279 279
0028_0103_0045_0024_0024.jpg 1 103 45 24 24
0029_0198_0145_0123_0123.jpg 1 198 145 123 123
0030_0358_0044_0024_0024.jpg 1 358 44 24 24
0031_0509_0135_0061_0061.jpg 1 509 135 61 61
0032_0331_0155_0188_0188.jpg 1 331 155 188 188
0033_0098_0051_0251_0251.jpg 1 98 51 251 251
0034_0177_0252_0101_0101.jpg 1 177 252 101 101
0035_0087_0115_0254_0254.jpg 1 87 115 254 254
0036_0152_0125_0142_0142.jpg 1 152 125 142 142
0037_0246_0018_0221_0221.jpg 1 246 18 221 221
0038_0404_0129_0145_0145.jpg 1 404 129 145 145
