0001_0192_0146_0217_0217.jpg 1 192 146 217 217
0002_0148_0090_0270_0270.jpg 1 148 90 270 270
0003_0168_0062_0104_0104.jpg 1 168 62 104 104
0004_0301_0245_0116_0116.jpg 1 301 245 116 116
0005_0287_0094_0026_0026.jpg 1 287 94 26 26
0006_0301_0102_0140_0140.jpg 1 301 102 140 140
0007_0251_0172_0073_0073.jpg 1 251 172 73 73
0008_0147_0113_0273_0273.jpg 1 147 113 273 273
0009_0313_0322_0024_0024.jpg 1 313 322 24 24
0010_0097_0060_0256_0256.jpg 1 97 60 256 256
0011_0232_0106_0264_0264.jpg 1 232 106 264 264
0012_0213_0073_0201_0201.jpg 1 213 73 201 201
0013_0204_0081_0071_0071.jpg 1 204 81 71 71
0014_0180_0142_0202_0202.jpg 1 180 142 202 202
0015_0085_0158_0211_0211.jpg 1 85 158 211 211
0016_0369_0167_0171_0171.jpg 1 369 167 171 171
0017_0085_0191_0046_0046.jpg 1 85 191 46 46
0018_0123_0047_0246_0246.jpg 1 123 47 246 246
0019_0516_0305_0029_0029.jpg 1 516 305 29 29
0020_0050_0030_0246_0246.jpg 1 50 30 246 246
0021_0325_0251_0112_0112.jpg 1 325 251 112 112
0022_0428_0149_0148_0148.jpg 1 428 149 148 148
0023_0171_0093_0277_0277.jpg 1 171 93 277 277
0024_0274_0157_0154_0154.jpg 1 274 157 154 154
0025_0204_0097_0150_0150.jpg 1 204 97 150 150
0026_0328_0276_0047_0047.jpg 1 328 276 47 47
0027_0282_0156_0158_0158.jpg 1 282 156 158 158
0028_0240_0130_0225_0225.jpg 1 240 130 225 225
0029_0298_0124_0125_0125.jpg 1 298 124 125 125
0030_0289_0085_0060_0060.jpg 1 289 85 60 60
0031_0296_0173_0164_0164.jpg 1 296 173 164 164
0032_0070_0030_0263_0263.jpg 1 70 30 263 263
0033_0148_0033_0126_0126.jpg 1 148 33 126 126
0034_0264_0050_0084_0084.jpg 1 264 50 84 84
0035_0286_0106_0241_0241.jpg 1 286 106 241 241
0036_0402_0069_0032_0032.jpg 1 402 69 32 32
0037_0220_0199_0142_0142.jpg 1 220 199 142 142
0038_0099_0140_0157_0157.jpg 1 99 140 157 157
