0001_0204_0220_0151_0151.jpg 1 204 220 151 151
0002_0074_0039_0137_0137.jpg 1 74 39 137 137
0003_0077_0055_0215_0215.jpg 1 77 55 215 215
0004_0070_0058_0091_0091.jpg 1 70 58 91 91
0005_0172_0038_0197_0197.jpg 1 172 38 197 197
0006_0078_0084_0229_0229.jpg 1 78 84 229 229
0007_0227_0309_0035_0035.jpg 1 227 309 35 35
0008_0251_0105_0212_0212.jpg 1 251 105 212 212
0009_0059_0049_0107_0107.jpg 1 59 49 107 107
0010_0394_0215_0079_0079.jpg 1 394 215 79 79
0011_0329_0233_0049_0049.jpg 1 329 233 49 49
0012_0158_0219_0033_0033.jpg 1 158 219 33 33
0013_0424_0062_0113_0113.jpg 1 424 62 113 113
0014_0134_0062_0193_0193.jpg 1 134 62 193 193
0015_0180_0247_0052_0052.jpg 1 180 247 52 52
0016_0422_0096_0038_0038.jpg 1 422 96 38 38
0017_0232_0125_0095_0095.jpg 1 232 125 95 95
0018_0103_0110_0243_0243.jpg 1 103 110 243 243
0019_0108_0172_0129_0129.jpg 1 108 172 129 129
0020_0146_0069_0203_0203.jpg 1 146 69 203 203
0021_0240_0067_0115_0115.jpg 1 240 67 115 115
0022_0100_0150_0174_0174.jpg 1 100 150 174 174
0023_0270_0145_0040_0040.jpg 1 270 145 40 40
0024_0352_0175_0134_0134.jpg 1 352 175 134 134
0025_0459_0303_0055_0055.jpg 1 459 303 55 55
0026_0237_0174_0066_0066.jpg 1 237 174 66 66
0027_0138_0103_0278_0278.jpg 1 138 103 278 278
0028_0272_0165_0215_0215.jpg 1 272 165 215 215
0029_0198_0177_0030_0030.jpg 1 198 177 30 30
0030_0273_0152_0223_0223.jpg 1 273 152 223 223
0031_0081_0070_0161_0161.jpg 1 81 70 161 161
0032_0450_0132_0097_0097.jpg 1 450 132 97 97
0033_0252_0088_0048_0048.jpg 1 252 88 48 48
0034_0478_0121_0075_0075.jpg 1 478 121 75 75
0035_0184_0171_0117_0117.jpg 1 184 171 117 117
0036_0236_0059_0053_0053.jpg 1 236 59 53 53
0037_0214_0159_0113_0113.jpg 1 214 159 113 113
0038_0205_0015_0253_0253.jpg 1 205 15 253 253
