0001_0533_0280_0035_0035.jpg 1 533 280 35 35
0002_0206_0040_0250_0250.jpg 1 206 40 250 250
0003_0059_0095_0243_0243.jpg 1 59 95 243 243
0004_0298_0218_0077_0077.jpg 1 298 218 77 77
0005_0156_0100_0227_0227.jpg 1 156 100 227 227
0006_0430_0051_0027_0027.jpg 1 430 51 27 27
0007_0131_0054_0250_0250.jpg 1 131 54 250 250
0008_0180_0214_0099_0099.jpg 1 180 214 99 99
0009_0121_0208_0106_0106.jpg 1 121 208 106 106
0010_0386_0126_0122_0122.jpg 1 386 126 122 122
0001_0317_0084_0207_0207.jpg 1 317 84 207 207
0002_0104_0175_0193_0193.jpg 1 104 175 193 193
0003_0124_0092_0267_0267.jpg 1 124 92 267 267
0004_0352_0127_0029_0029.jpg 1 352 127 29 29
0005_0289_0133_0209_0209.jpg 1 289 133 209 209
0006_0313_0045_0067_0067.jpg 1 313 45 67 67
0007_0088_0069_0129_0129.jpg 1 88 69 129 129
0008_0275_0151_0218_0218.jpg 1 275 151 218 218
0009_0094_0169_0045_0045.jpg 1 94 169 45 45
0010_0285_0065_0245_0245.jpg 1 285 65 245 245
0001_0093_0230_0092_0092.jpg 1 93 230 92 92
0002_0211_0042_0134_0134.jpg 1 211 42 134 134
0003_0360_0150_0221_0221.jpg 1 360 150 221 221
0004_0133_0180_0039_0039.jpg 1 133 180 39 39
0005_0344_0234_0031_0031.jpg 1 344 234 31 31
0006_0266_0109_0238_0238.jpg 1 266 109 238 238
0007_0074_0177_0039_0039.jpg 1 74 177 39 39
0008_0420_0107_0091_0091.jpg 1 420 107 91 91
0009_0143_0043_0177_0177.jpg 1 143 43 177 177
0010_0352_0153_0076_0076.jpg 1 352 153 76 76
0001_0103_0172_0192_0192.jpg 1 103 172 192 192
0002_0103_0098_0147_0147.jpg 1 103 98 147 147
0003_0165_0111_0061_0061.jpg 1 165 111 61 61
0004_0458_0285_0026_0026.jpg 1 458 285 26 26
0005_0359_0137_0185_0185.jpg 1 359 137 185 185
0006_0118_0134_0222_0222.jpg 1 118 134 222 222
0007_0263_0092_0209_0209.jpg 1 263 92 209 209
0008_0260_0030_0235_0235.jpg 1 260 30 235 235
0009_0114_0070_0125_0125.jpg 1 114 70 125 125
0010_0135_0061_0146_0146.jpg 1 135 61 146 146
0001_0198_0042_0103_0103.jpg 1 198 42 103 103
0002_0168_0048_0249_0249.jpg 1 168 48 249 249
0003_0382_0035_0174_0174.jpg 1 382 35 174 174
0004_0358_0280_0043_0043.jpg 1 358 280 43 43
0005_0092_0223_0140_0140.jpg 1 92 223 140 140
0006_0279_0108_0140_0140.jpg 1 279 108 140 140
0007_0220_0188_0134_0134.jpg 1 220 188 134 134
0008_0111_0182_0176_0176.jpg 1 111 182 176 176
0009_0097_0186_0171_0171.jpg 1 97 186 171 171
0010_0421_0124_0062_0062.jpg 1 421 124 62 62
0001_0262_0223_0058_0058.jpg 1 262 223 58 58
0002_0150_0030_0274_0274.jpg 1 150 30 274 274
0003_0452_0167_0032_0032.jpg 1 452 167 32 32
0004_0272_0078_0103_0103.jpg 1 272 78 103 103
0005_0364_0078_0132_0132.jpg 1 364 78 132 132
0006_0096_0190_0161_0161.jpg 1 96 190 161 161
0007_0203_0123_0045_0045.jpg 1 203 123 45 45
0008_0101_0017_0247_0247.jpg 1 101 17 247 247
0009_0372_0212_0040_0040.jpg 1 372 212 40 40
0010_0271_0094_0228_0228.jpg 1 271 94 228 228
0001_0305_0034_0248_0248.jpg 1 305 34 248 248
0002_0461_0189_0059_0059.jpg 1 461 189 59 59
0003_0311_0066_0276_0276.jpg 1 311 66 276 276
0004_0233_0175_0085_0085.jpg 1 233 175 85 85
0005_0174_0098_0230_0230.jpg 1 174 98 230 230
0006_0051_0051_0156_0156.jpg 1 51 51 156 156
0007_0262_0120_0152_0152.jpg 1 262 120 152 152
0008_0499_0159_0047_0047.jpg 1 499 159 47 47
0009_0213_0082_0156_0156.jpg 1 213 82 156 156
0010_0281_0182_0149_0149.jpg 1 281 182 149 149
0001_0138_0041_0180_0180.jpg 1 138 41 180 180
0002_0318_0148_0224_0224.jpg 1 318 148 224 224
0003_0071_0049_0126_0126.jpg 1 71 49 126 126
0004_0163_0276_0044_0044.jpg 1 163 276 44 44
0005_0394_0180_0152_0152.jpg 1 394 180 152 152
0006_0243_0035_0186_0186.jpg 1 243 35 186 186
0007_0077_0287_0080_0080.jpg 1 77 287 80 80
0008_0211_0060_0274_0274.jpg 1 211 60 274 274
0009_0271_0036_0128_0128.jpg 1 271 36 128 128
0010_0129_0059_0191_0191.jpg 1 129 59 191 191
0001_0251_0088_0242_0242.jpg 1 251 88 242 242
0002_0378_0198_0138_0138.jpg 1 378 198 138 138
0003_0137_0191_0115_0115.jpg 1 137 191 115 115
0004_0292_0168_0155_0155.jpg 1 292 168 155 155
0005_0072_0071_0125_0125.jpg 1 72 71 125 125
0006_0213_0097_0193_0193.jpg 1 213 97 193 193
0007_0429_0242_0095_0095.jpg 1 429 242 95 95
0008_0530_0100_0035_0035.jpg 1 530 100 35 35
0009_0118_0148_0182_0182.jpg 1 118 148 182 182
0010_0336_0202_0111_0111.jpg 1 336 202 111 111
0001_0226_0099_0179_0179.jpg 1 226 99 179 179
0002_0519_0173_0058_0058.jpg 1 519 173 58 58
0003_0247_0109_0214_0214.jpg 1 247 109 214 214
0004_0175_0127_0114_0114.jpg 1 175 127 114 114
0005_0082_0150_0184_0184.jpg 1 82 150 184 184
0006_0103_0251_0039_0039.jpg 1 103 251 39 39
0007_0115_0112_0265_0265.jpg 1 115 112 265 265
0008_0313_0084_0216_0216.jpg 1 313 84 216 216
0009_0363_0145_0043_0043.jpg 1 363 145 43 43
0010_0330_0103_0158_0158.jpg 1 330 103 158 158
0001_0287_0043_0069_0069.jpg 1 287 43 69 69
0002_0443_0095_0127_0127.jpg 1 443 95 127 127
0003_0364_0194_0065_0065.jpg 1 364 194 65 65
0004_0091_0058_0164_0164.jpg 1 91 58 164 164
0005_0302_0176_0034_0034.jpg 1 302 176 34 34
0006_0369_0200_0087_0087.jpg 1 369 200 87 87
0007_0154_0039_0094_0094.jpg 1 154 39 94 94
0008_0099_0060_0232_0232.jpg 1 99 60 232 232
0009_0082_0078_0220_0220.jpg 1 82 78 220 220
0010_0195_0198_0177_0177.jpg 1 195 198 177 177
0001_0144_0104_0107_0107.jpg 1 144 104 107 107
0002_0384_0048_0180_0180.jpg 1 384 48 180 180
0003_0235_0092_0170_0170.jpg 1 235 92 170 170
0004_0207_0199_0169_0169.jpg 1 207 199 169 169
0005_0488_0090_0051_0051.jpg 1 488 90 51 51
0006_0397_0158_0198_0198.jpg 1 397 158 198 198
0007_0255_0049_0054_0054.jpg 1 255 49 54 54
0008_0134_0218_0127_0127.jpg 1 134 218 127 127
0009_0199_0165_0067_0067.jpg 1 199 165 67 67
0010_0158_0031_0127_0127.jpg 1 158 31 127 127
0001_0218_0147_0146_0146.jpg 1 218 147 146 146
0002_0330_0082_0233_0233.jpg 1 330 82 233 233
0003_0136_0029_0278_0278.jpg 1 136 29 278 278
0004_0141_0067_0179_0179.jpg 1 141 67 179 179
0005_0445_0155_0081_0081.jpg 1 445 155 81 81
0006_0174_0118_0210_0210.jpg 1 174 118 210 210
0007_0155_0065_0202_0202.jpg 1 155 65 202 202
0008_0237_0103_0267_0267.jpg 1 237 103 267 267
0009_0317_0109_0270_0270.jpg 1 317 109 270 270
0010_0220_0111_0256_0256.jpg 1 220 111 256 256
0001_0093_0086_0184_0184.jpg 1 93 86 184 184
0002_0231_0280_0028_0028.jpg 1 231 280 28 28
0003_0326_0232_0125_0125.jpg 1 326 232 125 125
0004_0082_0172_0049_0049.jpg 1 82 172 49 49
0005_0390_0064_0081_0081.jpg 1 390 64 81 81
0006_0083_0064_0156_0156.jpg 1 83 64 156 156
0007_0193_0054_0086_0086.jpg 1 193 54 86 86
0008_0100_0015_0267_0267.jpg 1 100 15 267 267
0009_0045_0122_0227_0227.jpg 1 45 122 227 227
0010_0198_0045_0236_0236.jpg 1 198 45 236 236
0001_0212_0075_0181_0181.jpg 1 212 75 181 181
0002_0139_0027_0239_0239.jpg 1 139 27 239 239
0003_0355_0104_0228_0228.jpg 1 355 104 228 228
0004_0187_0071_0137_0137.jpg 1 187 71 137 137
0005_0194_0050_0267_0267.jpg 1 194 50 267 267
0006_0294_0045_0258_0258.jpg 1 294 45 258 258
0007_0131_0027_0151_0151.jpg 1 131 27 151 151
0008_0444_0249_0109_0109.jpg 1 444 249 109 109
0009_0299_0183_0090_0090.jpg 1 299 183 90 90
0010_0523_0101_0033_0033.jpg 1 523 101 33 33
0001_0497_0139_0068_0068.jpg 1 497 139 68 68
0002_0418_0283_0046_0046.jpg 1 418 283 46 46
0003_0213_0116_0196_0196.jpg 1 213 116 196 196
0004_0262_0189_0167_0167.jpg 1 262 189 167 167
0005_0122_0160_0209_0209.jpg 1 122 160 209 209
0006_0224_0061_0238_0238.jpg 1 224 61 238 238
0007_0250_0234_0102_0102.jpg 1 250 234 102 102
0008_0357_0041_0226_0226.jpg 1 357 41 226 226
0009_0054_0179_0162_0162.jpg 1 54 179 162 162
0010_0159_0215_0104_0104.jpg 1 159 215 104 104
0001_0126_0188_0106_0106.jpg 1 126 188 106 106
0002_0279_0116_0226_0226.jpg 1 279 116 226 226
0003_0162_0088_0172_0172.jpg 1 162 88 172 172
0004_0480_0224_0041_0041.jpg 1 480 224 41 41
0005_0332_0065_0092_0092.jpg 1 332 65 92 92
0006_0329_0021_0211_0211.jpg 1 329 21 211 211
0007_0262_0086_0172_0172.jpg 1 262 86 172 172
0008_0191_0068_0092_0092.jpg 1 191 68 92 92
0009_0330_0116_0222_0222.jpg 1 330 116 222 222
0010_0459_0095_0111_0111.jpg 1 459 95 111 111
0001_0149_0059_0274_0274.jpg 1 149 59 274 274
0002_0124_0035_0153_0153.jpg 1 124 35 153 153
0003_0307_0055_0155_0155.jpg 1 307 55 155 155
0004_0315_0190_0183_0183.jpg 1 315 190 183 183
0005_0315_0236_0127_0127.jpg 1 315 236 127 127
0006_0305_0139_0231_0231.jpg 1 305 139 231 231
0007_0330_0230_0084_0084.jpg 1 330 230 84 84
0008_0245_0035_0156_0156.jpg 1 245 35 156 156
0009_0240_0158_0048_0048.jpg 1 240 158 48 48
0010_0071_0182_0059_0059.jpg 1 71 182 59 59
0001_0103_0100_0058_0058.jpg 1 103 100 58 58
0002_0273_0158_0207_0207.jpg 1 273 158 207 207
0003_0190_0116_0264_0264.jpg 1 190 116 264 264
0004_0247_0063_0195_0195.jpg 1 247 63 195 195
0005_0285_0066_0157_0157.jpg 1 285 66 157 157
0006_0147_0068_0110_0110.jpg 1 147 68 110 110
0007_0082_0031_0086_0086.jpg 1 82 31 86 86
0008_0056_0040_0128_0128.jpg 1 56 40 128 128
0009_0509_0040_0051_0051.jpg 1 509 40 51 51
0010_0370_0116_0222_0222.jpg 1 370 116 222 222
0001_0197_0101_0246_0246.jpg 1 197 101 246 246
0002_0317_0090_0117_0117.jpg 1 317 90 117 117
0003_0105_0148_0116_0116.jpg 1 105 148 116 116
0004_0204_0039_0161_0161.jpg 1 204 39 161 161
0005_0328_0268_0097_0097.jpg 1 328 268 97 97
0006_0459_0242_0050_0050.jpg 1 459 242 50 50
0007_0134_0051_0222_0222.jpg 1 134 51 222 222
0008_0256_0074_0253_0253.jpg 1 256 74 253 253
0009_0184_0057_0048_0048.jpg 1 184 57 48 48
0010_0137_0128_0121_0121.jpg 1 137 128 121 121
0001_0198_0051_0181_0181.jpg 1 198 51 181 181
0002_0119_0232_0032_0032.jpg 1 119 232 32 32
0003_0132_0035_0236_0236.jpg 1 132 35 236 236
0004_0181_0219_0150_0150.jpg 1 181 219 150 150
0005_0334_0158_0207_0207.jpg 1 334 158 207 207
0006_0454_0075_0069_0069.jpg 1 454 75 69 69
0007_0124_0041_0252_0252.jpg 1 124 41 252 252
0008_0492_0055_0039_0039.jpg 1 492 55 39 39
0009_0510_0041_0034_0034.jpg 1 510 41 34 34
0010_0176_0023_0214_0214.jpg 1 176 23 214 214
0001_0110_0141_0091_0091.jpg 1 110 141 91 91
0002_0315_0032_0084_0084.jpg 1 315 32 84 84
0003_0106_0138_0084_0084.jpg 1 106 138 84 84
0004_0130_0261_0024_0024.jpg 1 130 261 24 24
0005_0120_0106_0221_0221.jpg 1 120 106 221 221
0006_0274_0078_0177_0177.jpg 1 274 78 177 177
0007_0457_0205_0080_0080.jpg 1 457 205 80 80
0008_0204_0302_0050_0050.jpg 1 204 302 50 50
0009_0462_0207_0103_0103.jpg 1 462 207 103 103
0010_0401_0090_0193_0193.jpg 1 401 90 193 193
0001_0062_0105_0153_0153.jpg 1 62 105 153 153
0002_0058_0118_0253_0253.jpg 1 58 118 253 253
0003_0172_0036_0071_0071.jpg 1 172 36 71 71
0004_0200_0081_0258_0258.jpg 1 200 81 258 258
0005_0466_0301_0052_0052.jpg 1 466 301 52 52
0006_0317_0019_0279_0279.jpg 1 317 19 279 279
0007_0193_0093_0279_0279.jpg 1 193 93 279 279
0008_0184_0269_0053_0053.jpg 1 184 269 53 53
0009_0290_0080_0149_0149.jpg 1 290 80 149 149
0010_0393_0041_0033_0033.jpg 1 393 41 33 33
0001_0249_0249_0085_0085.jpg 1 249 249 85 85
0002_0315_0256_0033_0033.jpg 1 315 256 33 33
0003_0177_0035_0176_0176.jpg 1 177 35 176 176
0004_0204_0121_0091_0091.jpg 1 204 121 91 91
0005_0408_0179_0106_0106.jpg 1 408 179 106 106
0006_0522_0302_0059_0059.jpg 1 522 302 59 59
0007_0299_0229_0087_0087.jpg 1 299 229 87 87
0008_0244_0175_0153_0153.jpg 1 244 175 153 153
0009_0171_0067_0225_0225.jpg 1 171 67 225 225
0010_0074_0122_0244_0244.jpg 1 74 122 244 244
0001_0240_0031_0252_0252.jpg 1 240 31 252 252
0002_0379_0105_0215_0215.jpg 1 379 105 215 215
0003_0403_0143_0027_0027.jpg 1 403 143 27 27
0004_0344_0188_0099_0099.jpg 1 344 188 99 99
0005_0167_0113_0128_0128.jpg 1 167 113 128 128
0006_0463_0103_0054_0054.jpg 1 463 103 54 54
0007_0228_0288_0074_0074.jpg 1 228 288 74 74
0008_0167_0184_0109_0109.jpg 1 167 184 109 109
0009_0299_0061_0082_0082.jpg 1 299 61 82 82
0010_0331_0100_0241_0241.jpg 1 331 100 241 241
0001_0084_0199_0057_0057.jpg 1 84 199 57 57
0002_0182_0127_0254_0254.jpg 1 182 127 254 254
0003_0180_0222_0139_0139.jpg 1 180 222 139 139
0004_0072_0161_0071_0071.jpg 1 72 161 71 71
0005_0216_0081_0078_0078.jpg 1 216 81 78 78
0006_0090_0213_0139_0139.jpg 1 90 213 139 139
0007_0182_0122_0112_0112.jpg 1 182 122 112 112
0008_0178_0125_0165_0165.jpg 1 178 125 165 165
0009_0052_0033_0212_0212.jpg 1 52 33 212 212
0010_0339_0148_0193_0193.jpg 1 339 148 193 193
0001_0248_0156_0120_0120.jpg 1 248 156 120 120
0002_0278_0283_0042_0042.jpg 1 278 283 42 42
0003_0339_0021_0259_0259.jpg 1 339 21 259 259
0004_0507_0277_0061_0061.jpg 1 507 277 61 61
0005_0251_0128_0192_0192.jpg 1 251 128 192 192
0006_0366_0284_0043_0043.jpg 1 366 284 43 43
0007_0230_0174_0043_0043.jpg 1 230 174 43 43
0008_0089_0090_0269_0269.jpg 1 89 90 269 269
0009_0246_0153_0186_0186.jpg 1 246 153 186 186
0010_0167_0128_0232_0232.jpg 1 167 128 232 232
0001_0309_0188_0159_0159.jpg 1 309 188 159 159
0002_0455_0201_0095_0095.jpg 1 455 201 95 95
0003_0188_0224_0110_0110.jpg 1 188 224 110 110
0004_0322_0046_0195_0195.jpg 1 322 46 195 195
0005_0278_0247_0083_0083.jpg 1 278 247 83 83
0006_0227_0029_0153_0153.jpg 1 227 29 153 153
0007_0096_0244_0122_0122.jpg 1 96 244 122 122
0008_0123_0047_0263_0263.jpg 1 123 47 263 263
0009_0139_0150_0230_0230.jpg 1 139 150 230 230
0010_0107_0215_0093_0093.jpg 1 107 215 93 93
0001_0435_0176_0152_0152.jpg 1 435 176 152 152
0002_0369_0103_0172_0172.jpg 1 369 103 172 172
0003_0065_0098_0200_0200.jpg 1 65 98 200 200
0004_0451_0197_0130_0130.jpg 1 451 197 130 130
0005_0311_0250_0090_0090.jpg 1 311 250 90 90
0006_0355_0066_0157_0157.jpg 1 355 66 157 157
0007_0115_0050_0128_0128.jpg 1 115 50 128 128
0008_0167_0042_0122_0122.jpg 1 167 42 122 122
0009_0233_0098_0133_0133.jpg 1 233 98 133 133
0010_0484_0154_0071_0071.jpg 1 484 154 71 71
0001_0178_0127_0213_0213.jpg 1 178 127 213 213
0002_0328_0068_0210_0210.jpg 1 328 68 210 210
0003_0141_0055_0056_0056.jpg 1 141 55 56 56
0004_0193_0175_0103_0103.jpg 1 193 175 103 103
0005_0283_0142_0171_0171.jpg 1 283 142 171 171
0006_0056_0095_0117_0117.jpg 1 56 95 117 117
0007_0101_0150_0034_0034.jpg 1 101 150 34 34
0008_0204_0064_0150_0150.jpg 1 204 64 150 150
0009_0067_0178_0040_0040.jpg 1 67 178 40 40
0010_0459_0107_0049_0049.jpg 1 459 107 49 49
0001_0303_0029_0125_0125.jpg 1 303 29 125 125
0002_0375_0061_0137_0137.jpg 1 375 61 137 137
0003_0079_0144_0038_0038.jpg 1 79 144 38 38
0004_0100_0068_0244_0244.jpg 1 100 68 244 244
0005_0349_0156_0075_0075.jpg 1 349 156 75 75
0006_0185_0036_0261_0261.jpg 1 185 36 261 261
0007_0082_0081_0196_0196.jpg 1 82 81 196 196
0008_0066_0200_0085_0085.jpg 1 66 200 85 85
0009_0151_0045_0267_0267.jpg 1 151 45 267 267
0010_0112_0190_0184_0184.jpg 1 112 190 184 184
0001_0234_0187_0187_0187.jpg 1 234 187 187 187
0002_0192_0188_0051_0051.jpg 1 192 188 51 51
0003_0393_0327_0025_0025.jpg 1 393 327 25 25
0004_0067_0056_0223_0223.jpg 1 67 56 223 223
0005_0150_0081_0165_0165.jpg 1 150 81 165 165
0006_0406_0242_0112_0112.jpg 1 406 242 112 112
0007_0356_0122_0144_0144.jpg 1 356 122 144 144
0008_0231_0087_0212_0212.jpg 1 231 87 212 212
0009_0156_0102_0026_0026.jpg 1 156 102 26 26
0010_0254_0029_0190_0190.jpg 1 254 29 190 190
0001_0331_0128_0248_0248.jpg 1 331 128 248 248
0002_0170_0262_0090_0090.jpg 1 170 262 90 90
0003_0375_0144_0137_0137.jpg 1 375 144 137 137
0004_0203_0121_0197_0197.jpg 1 203 121 197 197
0005_0201_0059_0119_0119.jpg 1 201 59 119 119
0006_0325_0068_0080_0080.jpg 1 325 68 80 80
0007_0301_0097_0209_0209.jpg 1 301 97 209 209
0008_0305_0022_0202_0202.jpg 1 305 22 202 202
0009_0239_0121_0155_0155.jpg 1 239 121 155 155
0010_0380_0066_0126_0126.jpg 1 380 66 126 126
0001_0449_0281_0052_0052.jpg 1 449 281 52 52
0002_0141_0091_0127_0127.jpg 1 141 91 127 127
0003_0223_0053_0114_0114.jpg 1 223 53 114 114
0004_0187_0300_0028_0028.jpg 1 187 300 28 28
0005_0168_0077_0168_0168.jpg 1 168 77 168 168
0006_0081_0019_0232_0232.jpg 1 81 19 232 232
0007_0359_0124_0118_0118.jpg 1 359 124 118 118
0008_0155_0121_0252_0252.jpg 1 155 121 252 252
0009_0423_0032_0147_0147.jpg 1 423 32 147 147
0010_0361_0069_0215_0215.jpg 1 361 69 215 215
0001_0364_0108_0113_0113.jpg 1 364 108 113 113
0002_0395_0231_0039_0039.jpg 1 395 231 39 39
0003_0219_0115_0227_0227.jpg 1 219 115 227 227
0004_0306_0184_0132_0132.jpg 1 306 184 132 132
0005_0318_0029_0256_0256.jpg 1 318 29 256 256
0006_0459_0218_0083_0083.jpg 1 459 218 83 83
0007_0320_0092_0200_0200.jpg 1 320 92 200 200
0008_0113_0119_0263_0263.jpg 1 113 119 263 263
0009_0361_0303_0036_0036.jpg 1 361 303 36 36
0010_0463_0311_0026_0026.jpg 1 463 311 26 26
0001_0368_0122_0047_0047.jpg 1 368 122 47 47
0002_0360_0047_0079_0079.jpg 1 360 47 79 79
0003_0135_0108_0085_0085.jpg 1 135 108 85 85
0004_0045_0029_0236_0236.jpg 1 45 29 236 236
0005_0221_0090_0215_0215.jpg 1 221 90 215 215
0006_0305_0105_0190_0190.jpg 1 305 105 190 190
0007_0241_0214_0031_0031.jpg 1 241 214 31 31
0008_0370_0107_0043_0043.jpg 1 370 107 43 43
0009_0382_0062_0132_0132.jpg 1 382 62 132 132
0010_0167_0210_0162_0162.jpg 1 167 210 162 162
0001_0115_0121_0258_0258.jpg 1 115 121 258 258
0002_0254_0080_0233_0233.jpg 1 254 80 233 233
0003_0323_0212_0073_0073.jpg 1 323 212 73 73
0004_0387_0198_0172_0172.jpg 1 387 198 172 172
0005_0114_0063_0218_0218.jpg 1 114 63 218 218
0006_0149_0020_0232_0232.jpg 1 149 20 232 232
0007_0166_0048_0236_0236.jpg 1 166 48 236 236
0008_0407_0036_0180_0180.jpg 1 407 36 180 180
0009_0191_0120_0246_0246.jpg 1 191 120 246 246
0010_0053_0182_0153_0153.jpg 1 53 182 153 153
0001_0283_0245_0041_0041.jpg 1 283 245 41 41
0002_0096_0084_0159_0159.jpg 1 96 84 159 159
0003_0389_0104_0181_0181.jpg 1 389 104 181 181
0004_0320_0154_0181_0181.jpg 1 320 154 181 181
0005_0339_0045_0114_0114.jpg 1 339 45 114 114
0006_0364_0103_0102_0102.jpg 1 364 103 102 102
0007_0126_0083_0228_0228.jpg 1 126 83 228 228
0008_0375_0042_0145_0145.jpg 1 375 42 145 145
0009_0115_0050_0255_0255.jpg 1 115 50 255 255
0010_0499_0281_0085_0085.jpg 1 499 281 85 85
0001_0429_0075_0103_0103.jpg 1 429 75 103 103
0002_0256_0052_0200_0200.jpg 1 256 52 200 200
0003_0263_0036_0168_0168.jpg 1 263 36 168 168
0004_0368_0215_0033_0033.jpg 1 368 215 33 33
0005_0149_0084_0206_0206.jpg 1 149 84 206 206
0006_0310_0046_0086_0086.jpg 1 310 46 86 86
0007_0201_0125_0189_0189.jpg 1 201 125 189 189
0008_0192_0098_0171_0171.jpg 1 192 98 171 171
0009_0374_0107_0064_0064.jpg 1 374 107 64 64
0010_0138_0143_0175_0175.jpg 1 138 143 175 175
0001_0344_0146_0164_0164.jpg 1 344 146 164 164
0002_0063_0090_0238_0238.jpg 1 63 90 238 238
0003_0236_0026_0277_0277.jpg 1 236 26 277 277
0004_0338_0119_0257_0257.jpg 1 338 119 257 257
0005_0284_0029_0274_0274.jpg 1 284 29 274 274
0006_0253_0074_0277_0277.jpg 1 253 74 277 277
0007_0310_0090_0181_0181.jpg 1 310 90 181 181
0008_0106_0131_0139_0139.jpg 1 106 131 139 139
0009_0422_0158_0156_0156.jpg 1 422 158 156 156
0010_0280_0028_0203_0203.jpg 1 280 28 203 203
0001_0354_0057_0097_0097.jpg 1 354 57 97 97
0002_0196_0056_0278_0278.jpg 1 196 56 278 278
0003_0136_0040_0261_0261.jpg 1 136 40 261 261
0004_0421_0213_0102_0102.jpg 1 421 213 102 102
0005_0183_0088_0227_0227.jpg 1 183 88 227 227
0006_0039_0059_0247_0247.jpg 1 39 59 247 247
0007_0125_0125_0126_0126.jpg 1 125 125 126 126
0008_0129_0067_0276_0276.jpg 1 129 67 276 276
0009_0422_0278_0063_0063.jpg 1 422 278 63 63
0010_0068_0114_0188_0188.jpg 1 68 114 188 188
0001_0154_0154_0180_0180.jpg 1 154 154 180 180
0002_0243_0178_0176_0176.jpg 1 243 178 176 176
0003_0357_0054_0122_0122.jpg 1 357 54 122 122
0004_0332_0049_0169_0169.jpg 1 332 49 169 169
0005_0112_0227_0107_0107.jpg 1 112 227 107 107
0006_0107_0096_0170_0170.jpg 1 107 96 170 170
0007_0317_0113_0215_0215.jpg 1 317 113 215 215
0008_0178_0029_0174_0174.jpg 1 178 29 174 174
0009_0147_0092_0208_0208.jpg 1 147 92 208 208
0010_0378_0076_0128_0128.jpg 1 378 76 128 128
0001_0264_0043_0242_0242.jpg 1 264 43 242 242
0002_0280_0094_0090_0090.jpg 1 280 94 90 90
0003_0426_0080_0111_0111.jpg 1 426 80 111 111
0004_0109_0125_0152_0152.jpg 1 109 125 152 152
0005_0187_0086_0077_0077.jpg 1 187 86 77 77
0006_0093_0093_0037_0037.jpg 1 93 93 37 37
0007_0097_0265_0069_0069.jpg 1 97 265 69 69
0008_0239_0089_0242_0242.jpg 1 239 89 242 242
0009_0248_0069_0231_0231.jpg 1 248 69 231 231
0010_0371_0092_0143_0143.jpg 1 371 92 143 143
0001_0087_0143_0174_0174.jpg 1 87 143 174 174
0002_0453_0163_0127_0127.jpg 1 453 163 127 127
0003_0272_0227_0088_0088.jpg 1 272 227 88 88
0004_0466_0098_0111_0111.jpg 1 466 98 111 111
0005_0272_0119_0259_0259.jpg 1 272 119 259 259
0006_0079_0127_0206_0206.jpg 1 79 127 206 206
0007_0354_0177_0027_0027.jpg 1 354 177 27 27
0008_0144_0080_0279_0279.jpg 1 144 80 279 279
0009_0304_0222_0071_0071.jpg 1 304 222 71 71
0010_0281_0062_0257_0257.jpg 1 281 62 257 257
0001_0207_0099_0235_0235.jpg 1 207 99 235 235
0002_0277_0037_0038_0038.jpg 1 277 37 38 38
0003_0083_0159_0201_0201.jpg 1 83 159 201 201
0004_0156_0038_0214_0214.jpg 1 156 38 214 214
0005_0426_0086_0086_0086.jpg 1 426 86 86 86
0006_0467_0125_0043_0043.jpg 1 467 125 43 43
0007_0073_0073_0200_0200.jpg 1 73 73 200 200
0008_0249_0021_0203_0203.jpg 1 249 21 203 203
0009_0194_0239_0038_0038.jpg 1 194 239 38 38
0010_0281_0205_0118_0118.jpg 1 281 205 118 118
0001_0088_0149_0191_0191.jpg 1 88 149 191 191
0002_0489_0146_0065_0065.jpg 1 489 146 65 65
0003_0060_0066_0190_0190.jpg 1 60 66 190 190
0004_0150_0130_0153_0153.jpg 1 150 130 153 153
0005_0067_0105_0224_0224.jpg 1 67 105 224 224
0006_0286_0030_0105_0105.jpg 1 286 30 105 105
0007_0303_0143_0203_0203.jpg 1 303 143 203 203
0008_0111_0072_0216_0216.jpg 1 111 72 216 216
0009_0343_0108_0056_0056.jpg 1 343 108 56 56
0010_0244_0063_0052_0052.jpg 1 244 63 52 52
0001_0203_0100_0253_0253.jpg 1 203 100 253 253
0002_0176_0123_0235_0235.jpg 1 176 123 235 235
0003_0114_0175_0179_0179.jpg 1 114 175 179 179
0004_0116_0214_0135_0135.jpg 1 116 214 135 135
0005_0167_0296_0062_0062.jpg 1 167 296 62 62
0006_0367_0059_0218_0218.jpg 1 367 59 218 218
0007_0245_0027_0161_0161.jpg 1 245 27 161 161
0008_0431_0245_0113_0113.jpg 1 431 245 113 113
0009_0119_0076_0146_0146.jpg 1 119 76 146 146
0010_0111_0039_0255_0255.jpg 1 111 39 255 255
0001_0342_0256_0081_0081.jpg 1 342 256 81 81
0002_0416_0076_0135_0135.jpg 1 416 76 135 135
0003_0276_0163_0172_0172.jpg 1 276 163 172 172
0004_0075_0142_0210_0210.jpg 1 75 142 210 210
0005_0211_0076_0217_0217.jpg 1 211 76 217 217
0006_0401_0307_0055_0055.jpg 1 401 307 55 55
0007_0231_0033_0084_0084.jpg 1 231 33 84 84
0008_0064_0290_0064_0064.jpg 1 64 290 64 64
0009_0200_0057_0249_0249.jpg 1 200 57 249 249
0010_0466_0053_0053_0053.jpg 1 466 53 53 53
0001_0139_0120_0164_0164.jpg 1 139 120 164 164
0002_0195_0051_0159_0159.jpg 1 195 51 159 159
0003_0249_0052_0156_0156.jpg 1 249 52 156 156
0004_0327_0030_0267_0267.jpg 1 327 30 267 267
0005_0270_0049_0205_0205.jpg 1 270 49 205 205
0006_0132_0095_0198_0198.jpg 1 132 95 198 198
0007_0134_0151_0117_0117.jpg 1 134 151 117 117
0008_0207_0027_0130_0130.jpg 1 207 27 130 130
0009_0128_0119_0243_0243.jpg 1 128 119 243 243
0010_0367_0049_0203_0203.jpg 1 367 49 203 203
0001_0198_0099_0270_0270.jpg 1 198 99 270 270
0002_0187_0042_0174_0174.jpg 1 187 42 174 174
0003_0336_0094_0153_0153.jpg 1 336 94 153 153
0004_0211_0133_0178_0178.jpg 1 211 133 178 178
0005_0066_0154_0158_0158.jpg 1 66 154 158 158
0006_0429_0050_0123_0123.jpg 1 429 50 123 123
0007_0273_0140_0221_0221.jpg 1 273 140 221 221
0008_0151_0122_0200_0200.jpg 1 151 122 200 200
0009_0268_0146_0040_0040.jpg 1 268 146 40 40
0010_0369_0057_0106_0106.jpg 1 369 57 106 106
0001_0257_0153_0226_0226.jpg 1 257 153 226 226
0002_0222_0171_0072_0072.jpg 1 222 171 72 72
0003_0232_0090_0270_0270.jpg 1 232 90 270 270
0004_0204_0033_0117_0117.jpg 1 204 33 117 117
0005_0432_0051_0040_0040.jpg 1 432 51 40 40
0006_0261_0150_0183_0183.jpg 1 261 150 183 183
0007_0328_0051_0213_0213.jpg 1 328 51 213 213
0008_0479_0136_0052_0052.jpg 1 479 136 52 52
0009_0099_0050_0236_0236.jpg 1 99 50 236 236
0010_0370_0065_0133_0133.jpg 1 370 65 133 133
0001_0486_0238_0074_0074.jpg 1 486 238 74 74
0002_0332_0091_0210_0210.jpg 1 332 91 210 210
0003_0142_0117_0259_0259.jpg 1 142 117 259 259
0004_0155_0216_0139_0139.jpg 1 155 216 139 139
0005_0287_0251_0086_0086.jpg 1 287 251 86 86
0006_0411_0128_0165_0165.jpg 1 411 128 165 165
0007_0171_0285_0044_0044.jpg 1 171 285 44 44
0008_0331_0207_0081_0081.jpg 1 331 207 81 81
0009_0188_0050_0192_0192.jpg 1 188 50 192 192
0010_0259_0146_0209_0209.jpg 1 259 146 209 209
0001_0088_0312_0030_0030.jpg 1 88 312 30 30
0002_0192_0237_0110_0110.jpg 1 192 237 110 110
0003_0279_0052_0250_0250.jpg 1 279 52 250 250
0004_0108_0067_0210_0210.jpg 1 108 67 210 210
0005_0171_0096_0105_0105.jpg 1 171 96 105 105
0006_0134_0084_0114_0114.jpg 1 134 84 114 114
0007_0228_0157_0195_0195.jpg 1 228 157 195 195
0008_0260_0055_0115_0115.jpg 1 260 55 115 115
0009_0116_0089_0231_0231.jpg 1 116 89 231 231
0010_0155_0113_0169_0169.jpg 1 155 113 169 169
0001_0195_0079_0136_0136.jpg 1 195 79 136 136
0002_0138_0117_0251_0251.jpg 1 138 117 251 251
0003_0460_0030_0118_0118.jpg 1 460 30 118 118
0004_0320_0087_0119_0119.jpg 1 320 87 119 119
0005_0282_0059_0179_0179.jpg 1 282 59 179 179
0006_0364_0081_0151_0151.jpg 1 364 81 151 151
0007_0218_0234_0132_0132.jpg 1 218 234 132 132
0008_0275_0080_0224_0224.jpg 1 275 80 224 224
0009_0433_0043_0097_0097.jpg 1 433 43 97 97
0010_0437_0139_0094_0094.jpg 1 437 139 94 94
0001_0199_0146_0220_0220.jpg 1 199 146 220 220
0002_0270_0039_0279_0279.jpg 1 270 39 279 279
0003_0442_0240_0110_0110.jpg 1 442 240 110 110
0004_0079_0137_0189_0189.jpg 1 79 137 189 189
0005_0196_0128_0195_0195.jpg 1 196 128 195 195
0006_0233_0097_0226_0226.jpg 1 233 97 226 226
0007_0161_0073_0037_0037.jpg 1 161 73 37 37
0008_0087_0233_0052_0052.jpg 1 87 233 52 52
0009_0117_0100_0152_0152.jpg 1 117 100 152 152
0010_0343_0051_0135_0135.jpg 1 343 51 135 135
0001_0140_0136_0198_0198.jpg 1 140 136 198 198
0002_0207_0254_0036_0036.jpg 1 207 254 36 36
0003_0106_0057_0105_0105.jpg 1 106 57 105 105
0004_0221_0037_0226_0226.jpg 1 221 37 226 226
0005_0118_0022_0273_0273.jpg 1 118 22 273 273
0006_0233_0075_0273_0273.jpg 1 233 75 273 273
0007_0092_0080_0123_0123.jpg 1 92 80 123 123
0008_0336_0175_0197_0197.jpg 1 336 175 197 197
0009_0243_0060_0191_0191.jpg 1 243 60 191 191
0010_0185_0078_0213_0213.jpg 1 185 78 213 213
0001_0162_0162_0141_0141.jpg 1 162 162 141 141
0002_0047_0032_0264_0264.jpg 1 47 32 264 264
0003_0171_0223_0112_0112.jpg 1 171 223 112 112
0004_0267_0184_0115_0115.jpg 1 267 184 115 115
0005_0412_0196_0050_0050.jpg 1 412 196 50 50
0006_0364_0126_0205_0205.jpg 1 364 126 205 205
0007_0308_0111_0220_0220.jpg 1 308 111 220 220
0008_0155_0309_0032_0032.jpg 1 155 309 32 32
0009_0342_0199_0147_0147.jpg 1 342 199 147 147
0010_0314_0104_0274_0274.jpg 1 314 104 274 274
0001_0223_0074_0247_0247.jpg 1 223 74 247 247
0002_0044_0075_0278_0278.jpg 1 44 75 278 278
0003_0200_0023_0237_0237.jpg 1 200 23 237 237
0004_0427_0055_0156_0156.jpg 1 427 55 156 156
0005_0079_0019_0263_0263.jpg 1 79 19 263 263
0006_0284_0196_0138_0138.jpg 1 284 196 138 138
0007_0150_0085_0209_0209.jpg 1 150 85 209 209
0008_0346_0145_0117_0117.jpg 1 346 145 117 117
0009_0082_0077_0206_0206.jpg 1 82 77 206 206
0010_0144_0160_0029_0029.jpg 1 144 160 29 29
0001_0222_0224_0097_0097.jpg 1 222 224 97 97
0002_0246_0042_0163_0163.jpg 1 246 42 163 163
0003_0272_0049_0231_0231.jpg 1 272 49 231 231
0004_0261_0195_0057_0057.jpg 1 261 195 57 57
0005_0220_0181_0193_0193.jpg 1 220 181 193 193
0006_0298_0197_0146_0146.jpg 1 298 197 146 146
0007_0058_0165_0100_0100.jpg 1 58 165 100 100
0008_0269_0111_0039_0039.jpg 1 269 111 39 39
0009_0168_0129_0137_0137.jpg 1 168 129 137 137
0010_0275_0035_0143_0143.jpg 1 275 35 143 143
0001_0142_0063_0074_0074.jpg 1 142 63 74 74
0002_0049_0032_0175_0175.jpg 1 49 32 175 175
0003_0177_0078_0222_0222.jpg 1 177 78 222 222
0004_0440_0035_0085_0085.jpg 1 440 35 85 85
0005_0286_0116_0253_0253.jpg 1 286 116 253 253
0006_0285_0086_0158_0158.jpg 1 285 86 158 158
0007_0081_0077_0253_0253.jpg 1 81 77 253 253
0008_0335_0201_0082_0082.jpg 1 335 201 82 82
0009_0194_0016_0259_0259.jpg 1 194 16 259 259
0010_0093_0273_0041_0041.jpg 1 93 273 41 41
0001_0354_0074_0157_0157.jpg 1 354 74 157 157
0002_0278_0286_0074_0074.jpg 1 278 286 74 74
0003_0422_0111_0085_0085.jpg 1 422 111 85 85
0004_0158_0103_0155_0155.jpg 1 158 103 155 155
0005_0198_0091_0266_0266.jpg 1 198 91 266 266
0006_0152_0152_0220_0220.jpg 1 152 152 220 220
0007_0419_0228_0111_0111.jpg 1 419 228 111 111
0008_0474_0301_0036_0036.jpg 1 474 301 36 36
0009_0217_0145_0142_0142.jpg 1 217 145 142 142
0010_0092_0075_0233_0233.jpg 1 92 75 233 233
0001_0216_0077_0262_0262.jpg 1 216 77 262 262
0002_0375_0082_0213_0213.jpg 1 375 82 213 213
0003_0290_0161_0076_0076.jpg 1 290 161 76 76
0004_0120_0076_0181_0181.jpg 1 120 76 181 181
0005_0340_0119_0193_0193.jpg 1 340 119 193 193
0006_0175_0238_0092_0092.jpg 1 175 238 92 92
0007_0442_0194_0110_0110.jpg 1 442 194 110 110
0008_0395_0046_0149_0149.jpg 1 395 46 149 149
0009_0114_0035_0274_0274.jpg 1 114 35 274 274
0010_0364_0217_0156_0156.jpg 1 364 217 156 156
0001_0166_0130_0241_0241.jpg 1 166 130 241 241
0002_0256_0243_0100_0100.jpg 1 256 243 100 100
0003_0165_0086_0074_0074.jpg 1 165 86 74 74
0004_0135_0099_0094_0094.jpg 1 135 99 94 94
0005_0342_0142_0147_0147.jpg 1 342 142 147 147
0006_0237_0226_0147_0147.jpg 1 237 226 147 147
0007_0267_0050_0086_0086.jpg 1 267 50 86 86
0008_0343_0144_0221_0221.jpg 1 343 144 221 221
0009_0055_0107_0211_0211.jpg 1 55 107 211 211
0010_0119_0077_0245_0245.jpg 1 119 77 245 245
0001_0109_0049_0218_0218.jpg 1 109 49 218 218
0002_0346_0123_0241_0241.jpg 1 346 123 241 241
0003_0203_0085_0196_0196.jpg 1 203 85 196 196
0004_0234_0098_0254_0254.jpg 1 234 98 254 254
0005_0317_0158_0084_0084.jpg 1 317 158 84 84
0006_0246_0120_0168_0168.jpg 1 246 120 168 168
0007_0108_0091_0257_0257.jpg 1 108 91 257 257
0008_0200_0057_0048_0048.jpg 1 200 57 48 48
0009_0116_0090_0045_0045.jpg 1 116 90 45 45
0010_0237_0115_0111_0111.jpg 1 237 115 111 111
0001_0347_0087_0174_0174.jpg 1 347 87 174 174
0002_0319_0041_0268_0268.jpg 1 319 41 268 268
0003_0181_0158_0186_0186.jpg 1 181 158 186 186
0004_0086_0068_0068_0068.jpg 1 86 68 68 68
0005_0414_0248_0102_0102.jpg 1 414 248 102 102
0006_0367_0080_0117_0117.jpg 1 367 80 117 117
0007_0234_0054_0157_0157.jpg 1 234 54 157 157
0008_0330_0033_0097_0097.jpg 1 330 33 97 97
0009_0172_0078_0242_0242.jpg 1 172 78 242 242
0010_0242_0059_0248_0248.jpg 1 242 59 248 248
0001_0114_0091_0024_0024.jpg 1 114 91 24 24
0002_0218_0168_0154_0154.jpg 1 218 168 154 154
0003_0258_0107_0182_0182.jpg 1 258 107 182 182
0004_0060_0045_0103_0103.jpg 1 60 45 103 103
0005_0155_0272_0044_0044.jpg 1 155 272 44 44
0006_0288_0038_0272_0272.jpg 1 288 38 272 272
0007_0162_0140_0202_0202.jpg 1 162 140 202 202
0008_0407_0264_0044_0044.jpg 1 407 264 44 44
0009_0423_0289_0055_0055.jpg 1 423 289 55 55
0010_0112_0163_0094_0094.jpg 1 112 163 94 94
0001_0423_0027_0131_0131.jpg 1 423 27 131 131
0002_0401_0152_0168_0168.jpg 1 401 152 168 168
0003_0345_0146_0179_0179.jpg 1 345 146 179 179
0004_0252_0139_0143_0143.jpg 1 252 139 143 143
0005_0232_0056_0253_0253.jpg 1 232 56 253 253
0006_0238_0095_0202_0202.jpg 1 238 95 202 202
0007_0228_0231_0069_0069.jpg 1 228 231 69 69
0008_0396_0245_0045_0045.jpg 1 396 245 45 45
0009_0293_0121_0125_0125.jpg 1 293 121 125 125
0010_0274_0057_0055_0055.jpg 1 274 57 55 55
0001_0218_0039_0213_0213.jpg 1 218 39 213 213
0002_0476_0196_0065_0065.jpg 1 476 196 65 65
0003_0402_0202_0037_0037.jpg 1 402 202 37 37
0004_0454_0135_0075_0075.jpg 1 454 135 75 75
0005_0166_0056_0120_0120.jpg 1 166 56 120 120
0006_0071_0073_0226_0226.jpg 1 71 73 226 226
0007_0285_0108_0235_0235.jpg 1 285 108 235 235
0008_0169_0078_0095_0095.jpg 1 169 78 95 95
0009_0106_0094_0184_0184.jpg 1 106 94 184 184
0010_0362_0038_0187_0187.jpg 1 362 38 187 187
0001_0205_0292_0063_0063.jpg 1 205 292 63 63
0002_0237_0050_0079_0079.jpg 1 237 50 79 79
0003_0265_0117_0033_0033.jpg 1 265 117 33 33
0004_0409_0225_0111_0111.jpg 1 409 225 111 111
0005_0275_0033_0194_0194.jpg 1 275 33 194 194
0006_0249_0119_0265_0265.jpg 1 249 119 265 265
0007_0281_0092_0183_0183.jpg 1 281 92 183 183
0008_0188_0097_0238_0238.jpg 1 188 97 238 238
0009_0145_0077_0255_0255.jpg 1 145 77 255 255
0010_0255_0082_0262_0262.jpg 1 255 82 262 262
0001_0283_0075_0169_0169.jpg 1 283 75 169 169
0002_0450_0162_0093_0093.jpg 1 450 162 93 93
0003_0298_0118_0157_0157.jpg 1 298 118 157 157
0004_0372_0192_0148_0148.jpg 1 372 192 148 148
0005_0067_0144_0145_0145.jpg 1 67 144 145 145
0006_0352_0134_0191_0191.jpg 1 352 134 191 191
0007_0107_0265_0041_0041.jpg 1 107 265 41 41
0008_0411_0242_0089_0089.jpg 1 411 242 89 89
0009_0171_0026_0267_0267.jpg 1 171 26 267 267
0010_0109_0081_0203_0203.jpg 1 109 81 203 203
0001_0108_0064_0252_0252.jpg 1 108 64 252 252
0002_0209_0128_0117_0117.jpg 1 209 128 117 117
0003_0198_0049_0269_0269.jpg 1 198 49 269 269
0004_0142_0076_0076_0076.jpg 1 142 76 76 76
0005_0328_0210_0132_0132.jpg 1 328 210 132 132
0006_0216_0188_0074_0074.jpg 1 216 188 74 74
0007_0463_0096_0060_0060.jpg 1 463 96 60 60
0008_0081_0044_0243_0243.jpg 1 81 44 243 243
0009_0340_0279_0039_0039.jpg 1 340 279 39 39
0010_0374_0149_0157_0157.jpg 1 374 149 157 157
0001_0066_0087_0101_0101.jpg 1 66 87 101 101
0002_0202_0222_0130_0130.jpg 1 202 222 130 130
0003_0264_0073_0265_0265.jpg 1 264 73 265 265
0004_0088_0096_0240_0240.jpg 1 88 96 240 240
0005_0234_0144_0207_0207.jpg 1 234 144 207 207
0006_0343_0038_0245_0245.jpg 1 343 38 245 245
0007_0113_0057_0272_0272.jpg 1 113 57 272 272
0008_0385_0156_0146_0146.jpg 1 385 156 146 146
0009_0144_0061_0264_0264.jpg 1 144 61 264 264
0010_0167_0029_0264_0264.jpg 1 167 29 264 264
0001_0430_0048_0080_0080.jpg 1 430 48 80 80
0002_0144_0050_0273_0273.jpg 1 144 50 273 273
0003_0446_0082_0135_0135.jpg 1 446 82 135 135
0004_0127_0067_0026_0026.jpg 1 127 67 26 26
0005_0287_0269_0036_0036.jpg 1 287 269 36 36
0006_0295_0174_0177_0177.jpg 1 295 174 177 177
0007_0396_0203_0132_0132.jpg 1 396 203 132 132
0008_0240_0249_0110_0110.jpg 1 240 249 110 110
0009_0139_0132_0234_0234.jpg 1 139 132 234 234
0010_0252_0098_0275_0275.jpg 1 252 98 275 275
0001_0271_0094_0034_0034.jpg 1 271 94 34 34
0002_0461_0259_0041_0041.jpg 1 461 259 41 41
0003_0314_0030_0247_0247.jpg 1 314 30 247 247
0004_0056_0142_0081_0081.jpg 1 56 142 81 81
0005_0285_0037_0148_0148.jpg 1 285 37 148 148
0006_0131_0244_0053_0053.jpg 1 131 244 53 53
0007_0287_0074_0136_0136.jpg 1 287 74 136 136
0008_0334_0212_0109_0109.jpg 1 334 212 109 109
0009_0110_0089_0219_0219.jpg 1 110 89 219 219
0010_0496_0281_0035_0035.jpg 1 496 281 35 35
0001_0106_0014_0267_0267.jpg 1 106 14 267 267
0002_0348_0062_0181_0181.jpg 1 348 62 181 181
0003_0223_0056_0238_0238.jpg 1 223 56 238 238
0004_0177_0061_0237_0237.jpg 1 177 61 237 237
0005_0182_0165_0205_0205.jpg 1 182 165 205 205
0006_0271_0137_0187_0187.jpg 1 271 137 187 187
0007_0322_0048_0143_0143.jpg 1 322 48 143 143
0008_0172_0159_0110_0110.jpg 1 172 159 110 110
0009_0108_0108_0255_0255.jpg 1 108 108 255 255
0010_0203_0177_0152_0152.jpg 1 203 177 152 152
0001_0279_0105_0119_0119.jpg 1 279 105 119 119
0002_0437_0088_0070_0070.jpg 1 437 88 70 70
0003_0301_0084_0242_0242.jpg 1 301 84 242 242
0004_0417_0192_0161_0161.jpg 1 417 192 161 161
0005_0380_0116_0185_0185.jpg 1 380 116 185 185
0006_0247_0134_0168_0168.jpg 1 247 134 168 168
0007_0251_0080_0237_0237.jpg 1 251 80 237 237
0008_0368_0269_0043_0043.jpg 1 368 269 43 43
0009_0155_0032_0182_0182.jpg 1 155 32 182 182
0010_0136_0155_0085_0085.jpg 1 136 155 85 85
0001_0324_0110_0225_0225.jpg 1 324 110 225 225
0002_0327_0119_0213_0213.jpg 1 327 119 213 213
0003_0053_0113_0239_0239.jpg 1 53 113 239 239
0004_0199_0076_0199_0199.jpg 1 199 76 199 199
0005_0381_0033_0135_0135.jpg 1 381 33 135 135
0006_0357_0218_0089_0089.jpg 1 357 218 89 89
0007_0109_0116_0081_0081.jpg 1 109 116 81 81
0008_0260_0140_0114_0114.jpg 1 260 140 114 114
0009_0296_0090_0246_0246.jpg 1 296 90 246 246
0010_0358_0180_0152_0152.jpg 1 358 180 152 152
0001_0096_0095_0203_0203.jpg 1 96 95 203 203
0002_0191_0182_0097_0097.jpg 1 191 182 97 97
0003_0282_0142_0232_0232.jpg 1 282 142 232 232
0004_0432_0092_0101_0101.jpg 1 432 92 101 101
0005_0126_0275_0065_0065.jpg 1 126 275 65 65
0006_0149_0078_0092_0092.jpg 1 149 78 92 92
0007_0151_0142_0206_0206.jpg 1 151 142 206 206
0008_0148_0266_0099_0099.jpg 1 148 266 99 99
0009_0201_0208_0149_0149.jpg 1 201 208 149 149
0010_0101_0110_0204_0204.jpg 1 101 110 204 204
0001_0145_0144_0158_0158.jpg 1 145 144 158 158
0002_0173_0147_0123_0123.jpg 1 173 147 123 123
0003_0261_0063_0219_0219.jpg 1 261 63 219 219
0004_0433_0073_0035_0035.jpg 1 433 73 35 35
0005_0440_0094_0065_0065.jpg 1 440 94 65 65
0006_0382_0075_0128_0128.jpg 1 382 75 128 128
0007_0120_0105_0276_0276.jpg 1 120 105 276 276
0008_0355_0125_0229_0229.jpg 1 355 125 229 229
0009_0306_0014_0258_0258.jpg 1 306 14 258 258
0010_0327_0061_0062_0062.jpg 1 327 61 62 62
0001_0055_0116_0264_0264.jpg 1 55 116 264 264
0002_0125_0068_0265_0265.jpg 1 125 68 265 265
0003_0218_0162_0090_0090.jpg 1 218 162 90 90
0004_0129_0114_0206_0206.jpg 1 129 114 206 206
0005_0337_0168_0154_0154.jpg 1 337 168 154 154
0006_0223_0083_0200_0200.jpg 1 223 83 200 200
0007_0492_0277_0032_0032.jpg 1 492 277 32 32
0008_0326_0043_0105_0105.jpg 1 326 43 105 105
0009_0116_0296_0028_0028.jpg 1 116 296 28 28
0010_0212_0108_0259_0259.jpg 1 212 108 259 259
0001_0414_0088_0112_0112.jpg 1 414 88 112 112
0002_0156_0217_0148_0148.jpg 1 156 217 148 148
0003_0082_0210_0078_0078.jpg 1 82 210 78 78
0004_0339_0270_0099_0099.jpg 1 339 270 99 99
0005_0225_0028_0195_0195.jpg 1 225 28 195 195
0006_0248_0102_0043_0043.jpg 1 248 102 43 43
0007_0173_0160_0101_0101.jpg 1 173 160 101 101
0008_0162_0149_0115_0115.jpg 1 162 149 115 115
0009_0284_0029_0112_0112.jpg 1 284 29 112 112
0010_0186_0048_0144_0144.jpg 1 186 48 144 144
0001_0346_0051_0092_0092.jpg 1 346 51 92 92
0002_0195_0161_0036_0036.jpg 1 195 161 36 36
0003_0413_0139_0079_0079.jpg 1 413 139 79 79
0004_0087_0013_0272_0272.jpg 1 87 13 272 272
0005_0423_0045_0161_0161.jpg 1 423 45 161 161
0006_0254_0079_0253_0253.jpg 1 254 79 253 253
0007_0258_0070_0142_0142.jpg 1 258 70 142 142
0008_0103_0155_0202_0202.jpg 1 103 155 202 202
0009_0141_0114_0094_0094.jpg 1 141 114 94 94
0010_0333_0095_0189_0189.jpg 1 333 95 189 189
0001_0333_0153_0175_0175.jpg 1 333 153 175 175
0002_0409_0127_0063_0063.jpg 1 409 127 63 63
0003_0297_0070_0197_0197.jpg 1 297 70 197 197
0004_0070_0152_0213_0213.jpg 1 70 152 213 213
0005_0391_0313_0046_0046.jpg 1 391 313 46 46
0006_0230_0211_0061_0061.jpg 1 230 211 61 61
0007_0096_0014_0263_0263.jpg 1 96 14 263 263
0008_0220_0169_0040_0040.jpg 1 220 169 40 40
0009_0227_0093_0240_0240.jpg 1 227 93 240 240
0010_0372_0092_0220_0220.jpg 1 372 92 220 220
0001_0075_0131_0151_0151.jpg 1 75 131 151 151
0002_0128_0066_0200_0200.jpg 1 128 66 200 200
0003_0189_0104_0183_0183.jpg 1 189 104 183 183
0004_0255_0216_0102_0102.jpg 1 255 216 102 102
0005_0185_0139_0211_0211.jpg 1 185 139 211 211
0006_0139_0170_0031_0031.jpg 1 139 170 31 31
0007_0192_0034_0205_0205.jpg 1 192 34 205 205
0008_0412_0197_0047_0047.jpg 1 412 197 47 47
0009_0348_0210_0159_0159.jpg 1 348 210 159 159
0010_0296_0129_0070_0070.jpg 1 296 129 70 70
0001_0151_0055_0257_0257.jpg 1 151 55 257 257
0002_0158_0221_0086_0086.jpg 1 158 221 86 86
0003_0109_0084_0053_0053.jpg 1 109 84 53 53
0004_0167_0089_0270_0270.jpg 1 167 89 270 270
0005_0357_0070_0165_0165.jpg 1 357 70 165 165
0006_0336_0026_0208_0208.jpg 1 336 26 208 208
0007_0226_0091_0164_0164.jpg 1 226 91 164 164
0008_0296_0130_0202_0202.jpg 1 296 130 202 202
0009_0220_0165_0123_0123.jpg 1 220 165 123 123
0010_0378_0104_0219_0219.jpg 1 378 104 219 219
0001_0375_0018_0213_0213.jpg 1 375 18 213 213
0002_0354_0184_0113_0113.jpg 1 354 184 113 113
0003_0245_0127_0171_0171.jpg 1 245 127 171 171
0004_0437_0064_0083_0083.jpg 1 437 64 83 83
0005_0318_0070_0049_0049.jpg 1 318 70 49 49
0006_0264_0061_0143_0143.jpg 1 264 61 143 143
0007_0107_0064_0158_0158.jpg 1 107 64 158 158
0008_0477_0153_0051_0051.jpg 1 477 153 51 51
0009_0191_0053_0050_0050.jpg 1 191 53 50 50
0010_0141_0130_0091_0091.jpg 1 141 130 91 91
0001_0417_0256_0062_0062.jpg 1 417 256 62 62
0002_0136_0058_0126_0126.jpg 1 136 58 126 126
0003_0415_0259_0038_0038.jpg 1 415 259 38 38
0004_0181_0046_0118_0118.jpg 1 181 46 118 118
0005_0427_0152_0123_0123.jpg 1 427 152 123 123
0006_0123_0238_0053_0053.jpg 1 123 238 53 53
0007_0277_0115_0102_0102.jpg 1 277 115 102 102
0008_0065_0153_0179_0179.jpg 1 65 153 179 179
0009_0184_0020_0210_0210.jpg 1 184 20 210 210
0010_0468_0202_0073_0073.jpg 1 468 202 73 73
0001_0079_0049_0169_0169.jpg 1 79 49 169 169
0002_0247_0024_0269_0269.jpg 1 247 24 269 269
0003_0416_0209_0163_0163.jpg 1 416 209 163 163
0004_0209_0202_0029_0029.jpg 1 209 202 29 29
0005_0208_0051_0073_0073.jpg 1 208 51 73 73
0006_0412_0136_0103_0103.jpg 1 412 136 103 103
0007_0055_0070_0210_0210.jpg 1 55 70 210 210
0008_0228_0058_0152_0152.jpg 1 228 58 152 152
0009_0273_0141_0109_0109.jpg 1 273 141 109 109
0010_0384_0045_0105_0105.jpg 1 384 45 105 105
0001_0097_0107_0252_0252.jpg 1 97 107 252 252
0002_0391_0041_0038_0038.jpg 1 391 41 38 38
0003_0393_0097_0150_0150.jpg 1 393 97 150 150
0004_0140_0261_0090_0090.jpg 1 140 261 90 90
0005_0060_0271_0072_0072.jpg 1 60 271 72 72
0006_0157_0115_0270_0270.jpg 1 157 115 270 270
0007_0535_0177_0033_0033.jpg 1 535 177 33 33
0008_0375_0299_0045_0045.jpg 1 375 299 45 45
0009_0047_0128_0248_0248.jpg 1 47 128 248 248
0010_0410_0097_0120_0120.jpg 1 410 97 120 120
0001_0481_0174_0102_0102.jpg 1 481 174 102 102
0002_0379_0169_0053_0053.jpg 1 379 169 53 53
0003_0086_0139_0148_0148.jpg 1 86 139 148 148
0004_0088_0058_0259_0259.jpg 1 88 58 259 259
0005_0506_0149_0027_0027.jpg 1 506 149 27 27
0006_0097_0194_0068_0068.jpg 1 97 194 68 68
0007_0257_0084_0133_0133.jpg 1 257 84 133 133
0008_0090_0095_0229_0229.jpg 1 90 95 229 229
0009_0261_0074_0266_0266.jpg 1 261 74 266 266
0010_0343_0150_0094_0094.jpg 1 343 150 94 94
0001_0494_0200_0034_0034.jpg 1 494 200 34 34
0002_0091_0069_0218_0218.jpg 1 91 69 218 218
0003_0339_0056_0127_0127.jpg 1 339 56 127 127
0004_0486_0074_0095_0095.jpg 1 486 74 95 95
0005_0180_0104_0215_0215.jpg 1 180 104 215 215
0006_0128_0159_0116_0116.jpg 1 128 159 116 116
0007_0123_0240_0091_0091.jpg 1 123 240 91 91
0008_0317_0089_0119_0119.jpg 1 317 89 119 119
0009_0220_0149_0186_0186.jpg 1 220 149 186 186
0010_0311_0015_0272_0272.jpg 1 311 15 272 272
0001_0330_0209_0141_0141.jpg 1 330 209 141 141
0002_0089_0125_0234_0234.jpg 1 89 125 234 234
0003_0230_0103_0126_0126.jpg 1 230 103 126 126
0004_0249_0167_0136_0136.jpg 1 249 167 136 136
0005_0179_0135_0171_0171.jpg 1 179 135 171 171
0006_0387_0172_0177_0177.jpg 1 387 172 177 177
0007_0127_0078_0221_0221.jpg 1 127 78 221 221
0008_0100_0108_0266_0266.jpg 1 100 108 266 266
0009_0209_0039_0177_0177.jpg 1 209 39 177 177
0010_0281_0073_0104_0104.jpg 1 281 73 104 104
0001_0405_0157_0098_0098.jpg 1 405 157 98 98
0002_0308_0185_0134_0134.jpg 1 308 185 134 134
0003_0311_0045_0247_0247.jpg 1 311 45 247 247
0004_0190_0030_0210_0210.jpg 1 190 30 210 210
0005_0089_0023_0194_0194.jpg 1 89 23 194 194
0006_0254_0017_0259_0259.jpg 1 254 17 259 259
0007_0109_0119_0120_0120.jpg 1 109 119 120 120
0008_0186_0303_0045_0045.jpg 1 186 303 45 45
0009_0051_0136_0216_0216.jpg 1 51 136 216 216
0010_0210_0109_0219_0219.jpg 1 210 109 219 219
0001_0104_0121_0074_0074.jpg 1 104 121 74 74
0002_0070_0083_0272_0272.jpg 1 70 83 272 272
0003_0286_0126_0106_0106.jpg 1 286 126 106 106
0004_0192_0140_0102_0102.jpg 1 192 140 102 102
0005_0420_0224_0108_0108.jpg 1 420 224 108 108
0006_0285_0107_0107_0107.jpg 1 285 107 107 107
0007_0497_0175_0070_0070.jpg 1 497 175 70 70
0008_0351_0136_0189_0189.jpg 1 351 136 189 189
0009_0243_0123_0153_0153.jpg 1 243 123 153 153
0010_0235_0191_0124_0124.jpg 1 235 191 124 124
0001_0409_0328_0030_0030.jpg 1 409 328 30 30
0002_0085_0135_0172_0172.jpg 1 85 135 172 172
0003_0476_0227_0098_0098.jpg 1 476 227 98 98
0004_0180_0282_0048_0048.jpg 1 180 282 48 48
0005_0103_0081_0131_0131.jpg 1 103 81 131 131
0006_0336_0028_0191_0191.jpg 1 336 28 191 191
0007_0400_0156_0106_0106.jpg 1 400 156 106 106
0008_0154_0103_0247_0247.jpg 1 154 103 247 247
0009_0306_0051_0107_0107.jpg 1 306 51 107 107
0010_0346_0161_0040_0040.jpg 1 346 161 40 40
0001_0193_0046_0264_0264.jpg 1 193 46 264 264
0002_0262_0035_0185_0185.jpg 1 262 35 185 185
0003_0355_0035_0094_0094.jpg 1 355 35 94 94
0004_0118_0144_0211_0211.jpg 1 118 144 211 211
0005_0057_0086_0076_0076.jpg 1 57 86 76 76
0006_0345_0104_0229_0229.jpg 1 345 104 229 229
0007_0383_0247_0054_0054.jpg 1 383 247 54 54
0008_0199_0086_0264_0264.jpg 1 199 86 264 264
0009_0129_0060_0191_0191.jpg 1 129 60 191 191
0010_0300_0108_0273_0273.jpg 1 300 108 273 273
0001_0141_0031_0241_0241.jpg 1 141 31 241 241
0002_0323_0042_0069_0069.jpg 1 323 42 69 69
0003_0448_0083_0086_0086.jpg 1 448 83 86 86
0004_0116_0203_0112_0112.jpg 1 116 203 112 112
0005_0132_0024_0265_0265.jpg 1 132 24 265 265
0006_0333_0091_0242_0242.jpg 1 333 91 242 242
0007_0215_0218_0078_0078.jpg 1 215 218 78 78
0008_0433_0201_0045_0045.jpg 1 433 201 45 45
0009_0246_0176_0169_0169.jpg 1 246 176 169 169
0010_0171_0106_0272_0272.jpg 1 171 106 272 272
0001_0480_0103_0069_0069.jpg 1 480 103 69 69
0002_0066_0081_0225_0225.jpg 1 66 81 225 225
0003_0155_0113_0205_0205.jpg 1 155 113 205 205
0004_0263_0050_0182_0182.jpg 1 263 50 182 182
0005_0062_0063_0278_0278.jpg 1 62 63 278 278
0006_0110_0080_0182_0182.jpg 1 110 80 182 182
0007_0104_0228_0091_0091.jpg 1 104 228 91 91
0008_0061_0127_0210_0210.jpg 1 61 127 210 210
0009_0089_0229_0130_0130.jpg 1 89 229 130 130
0010_0099_0034_0266_0266.jpg 1 99 34 266 266
0001_0169_0201_0047_0047.jpg 1 169 201 47 47
0002_0082_0242_0112_0112.jpg 1 82 242 112 112
0003_0075_0115_0076_0076.jpg 1 75 115 76 76
0004_0230_0108_0225_0225.jpg 1 230 108 225 225
0005_0262_0032_0112_0112.jpg 1 262 32 112 112
0006_0413_0246_0124_0124.jpg 1 413 246 124 124
0007_0365_0064_0095_0095.jpg 1 365 64 95 95
0008_0163_0147_0068_0068.jpg 1 163 147 68 68
0009_0174_0199_0113_0113.jpg 1 174 199 113 113
0010_0064_0220_0123_0123.jpg 1 64 220 123 123
0001_0140_0039_0258_0258.jpg 1 140 39 258 258
0002_0201_0049_0265_0265.jpg 1 201 49 265 265
0003_0386_0137_0190_0190.jpg 1 386 137 190 190
0004_0417_0122_0158_0158.jpg 1 417 122 158 158
0005_0093_0124_0237_0237.jpg 1 93 124 237 237
0006_0412_0121_0156_0156.jpg 1 412 121 156 156
0007_0294_0068_0157_0157.jpg 1 294 68 157 157
0008_0470_0208_0052_0052.jpg 1 470 208 52 52
0009_0109_0060_0054_0054.jpg 1 109 60 54 54
0010_0294_0212_0147_0147.jpg 1 294 212 147 147
0001_0111_0156_0108_0108.jpg 1 111 156 108 108
0002_0064_0083_0151_0151.jpg 1 64 83 151 151
0003_0367_0277_0058_0058.jpg 1 367 277 58 58
0004_0483_0155_0064_0064.jpg 1 483 155 64 64
0005_0065_0070_0178_0178.jpg 1 65 70 178 178
0006_0323_0195_0055_0055.jpg 1 323 195 55 55
0007_0060_0277_0083_0083.jpg 1 60 277 83 83
0008_0529_0075_0034_0034.jpg 1 529 75 34 34
0009_0204_0136_0222_0222.jpg 1 204 136 222 222
0010_0409_0144_0091_0091.jpg 1 409 144 91 91
0001_0169_0218_0064_0064.jpg 1 169 218 64 64
0002_0069_0236_0049_0049.jpg 1 69 236 49 49
0003_0075_0162_0176_0176.jpg 1 75 162 176 176
0004_0137_0106_0262_0262.jpg 1 137 106 262 262
0005_0410_0067_0064_0064.jpg 1 410 67 64 64
0006_0152_0063_0118_0118.jpg 1 152 63 118 118
0007_0142_0088_0071_0071.jpg 1 142 88 71 71
0008_0116_0186_0110_0110.jpg 1 116 186 110 110
0009_0229_0043_0066_0066.jpg 1 229 43 66 66
0010_0488_0189_0033_0033.jpg 1 488 189 33 33
0001_0322_0181_0042_0042.jpg 1 322 181 42 42
0002_0231_0051_0191_0191.jpg 1 231 51 191 191
0003_0202_0175_0044_0044.jpg 1 202 175 44 44
0004_0204_0126_0043_0043.jpg 1 204 126 43 43
0005_0083_0078_0270_0270.jpg 1 83 78 270 270
0006_0242_0272_0044_0044.jpg 1 242 272 44 44
0007_0276_0033_0184_0184.jpg 1 276 33 184 184
0008_0498_0116_0083_0083.jpg 1 498 116 83 83
0009_0279_0174_0056_0056.jpg 1 279 174 56 56
0010_0211_0219_0044_0044.jpg 1 211 219 44 44
0001_0137_0045_0275_0275.jpg 1 137 45 275 275
0002_0220_0119_0203_0203.jpg 1 220 119 203 203
0003_0301_0231_0035_0035.jpg 1 301 231 35 35
0004_0164_0224_0069_0069.jpg 1 164 224 69 69
0005_0271_0164_0066_0066.jpg 1 271 164 66 66
0006_0473_0258_0037_0037.jpg 1 473 258 37 37
0007_0123_0206_0169_0169.jpg 1 123 206 169 169
0008_0286_0088_0053_0053.jpg 1 286 88 53 53
0009_0357_0148_0064_0064.jpg 1 357 148 64 64
0010_0083_0120_0167_0167.jpg 1 83 120 167 167
0001_0248_0260_0101_0101.jpg 1 248 260 101 101
0002_0479_0041_0099_0099.jpg 1 479 41 99 99
0003_0404_0035_0149_0149.jpg 1 404 35 149 149
0004_0303_0155_0130_0130.jpg 1 303 155 130 130
0005_0115_0119_0066_0066.jpg 1 115 119 66 66
0006_0241_0232_0078_0078.jpg 1 241 232 78 78
0007_0105_0044_0122_0122.jpg 1 105 44 122 122
0008_0372_0255_0070_0070.jpg 1 372 255 70 70
0009_0118_0145_0177_0177.jpg 1 118 145 177 177
0010_0372_0036_0101_0101.jpg 1 372 36 101 101
0001_0392_0104_0079_0079.jpg 1 392 104 79 79
0002_0461_0029_0112_0112.jpg 1 461 29 112 112
0003_0288_0177_0143_0143.jpg 1 288 177 143 143
0004_0257_0122_0163_0163.jpg 1 257 122 163 163
0005_0436_0070_0132_0132.jpg 1 436 70 132 132
0006_0245_0204_0098_0098.jpg 1 245 204 98 98
0007_0288_0062_0278_0278.jpg 1 288 62 278 278
0008_0312_0216_0101_0101.jpg 1 312 216 101 101
0009_0264_0065_0260_0260.jpg 1 264 65 260 260
0010_0339_0048_0058_0058.jpg 1 339 48 58 58
0001_0374_0199_0162_0162.jpg 1 374 199 162 162
0002_0321_0058_0266_0266.jpg 1 321 58 266 266
0003_0057_0052_0131_0131.jpg 1 57 52 131 131
0004_0468_0125_0099_0099.jpg 1 468 125 99 99
0005_0115_0143_0134_0134.jpg 1 115 143 134 134
0006_0081_0193_0140_0140.jpg 1 81 193 140 140
0007_0233_0094_0104_0104.jpg 1 233 94 104 104
0008_0432_0200_0136_0136.jpg 1 432 200 136 136
0009_0375_0097_0196_0196.jpg 1 375 97 196 196
0010_0238_0212_0110_0110.jpg 1 238 212 110 110
0001_0114_0180_0141_0141.jpg 1 114 180 141 141
0002_0283_0153_0025_0025.jpg 1 283 153 25 25
0003_0152_0207_0130_0130.jpg 1 152 207 130 130
0004_0433_0209_0140_0140.jpg 1 433 209 140 140
0005_0076_0029_0220_0220.jpg 1 76 29 220 220
0006_0425_0175_0076_0076.jpg 1 425 175 76 76
0007_0279_0218_0109_0109.jpg 1 279 218 109 109
0008_0343_0153_0024_0024.jpg 1 343 153 24 24
0009_0532_0258_0041_0041.jpg 1 532 258 41 41
0010_0116_0222_0149_0149.jpg 1 116 222 149 149
0001_0296_0142_0224_0224.jpg 1 296 142 224 224
0002_0497_0119_0052_0052.jpg 1 497 119 52 52
0003_0120_0078_0119_0119.jpg 1 120 78 119 119
0004_0341_0136_0208_0208.jpg 1 341 136 208 208
0005_0308_0076_0229_0229.jpg 1 308 76 229 229
0006_0334_0084_0261_0261.jpg 1 334 84 261 261
0007_0347_0172_0089_0089.jpg 1 347 172 89 89
0008_0090_0079_0221_0221.jpg 1 90 79 221 221
0009_0313_0213_0141_0141.jpg 1 313 213 141 141
0010_0338_0118_0229_0229.jpg 1 338 118 229 229
0001_0070_0052_0204_0204.jpg 1 70 52 204 204
0002_0486_0107_0068_0068.jpg 1 486 107 68 68
0003_0322_0130_0248_0248.jpg 1 322 130 248 248
0004_0412_0087_0126_0126.jpg 1 412 87 126 126
0005_0146_0101_0196_0196.jpg 1 146 101 196 196
0006_0308_0084_0216_0216.jpg 1 308 84 216 216
0007_0426_0184_0132_0132.jpg 1 426 184 132 132
0008_0332_0107_0054_0054.jpg 1 332 107 54 54
0009_0203_0089_0125_0125.jpg 1 203 89 125 125
0010_0312_0078_0277_0277.jpg 1 312 78 277 277
0001_0234_0042_0052_0052.jpg 1 234 42 52 52
0002_0468_0219_0079_0079.jpg 1 468 219 79 79
0003_0092_0173_0110_0110.jpg 1 92 173 110 110
0004_0162_0059_0152_0152.jpg 1 162 59 152 152
0005_0080_0103_0122_0122.jpg 1 80 103 122 122
0006_0290_0142_0212_0212.jpg 1 290 142 212 212
0007_0249_0148_0115_0115.jpg 1 249 148 115 115
0008_0213_0056_0259_0259.jpg 1 213 56 259 259
0009_0074_0077_0183_0183.jpg 1 74 77 183 183
0010_0150_0185_0067_0067.jpg 1 150 185 67 67
0001_0332_0086_0264_0264.jpg 1 332 86 264 264
0002_0226_0064_0106_0106.jpg 1 226 64 106 106
0003_0060_0154_0100_0100.jpg 1 60 154 100 100
0004_0145_0171_0093_0093.jpg 1 145 171 93 93
0005_0278_0038_0263_0263.jpg 1 278 38 263 263
0006_0406_0116_0150_0150.jpg 1 406 116 150 150
0007_0245_0062_0245_0245.jpg 1 245 62 245 245
0008_0122_0086_0249_0249.jpg 1 122 86 249 249
0009_0273_0079_0128_0128.jpg 1 273 79 128 128
0010_0084_0148_0214_0214.jpg 1 84 148 214 214
0001_0381_0254_0114_0114.jpg 1 381 254 114 114
0002_0216_0052_0120_0120.jpg 1 216 52 120 120
0003_0116_0047_0224_0224.jpg 1 116 47 224 224
0004_0119_0139_0128_0128.jpg 1 119 139 128 128
0005_0103_0043_0207_0207.jpg 1 103 43 207 207
0006_0057_0111_0182_0182.jpg 1 57 111 182 182
0007_0247_0122_0175_0175.jpg 1 247 122 175 175
0008_0180_0085_0229_0229.jpg 1 180 85 229 229
0009_0073_0207_0139_0139.jpg 1 73 207 139 139
0010_0393_0079_0202_0202.jpg 1 393 79 202 202
0001_0234_0199_0070_0070.jpg 1 234 199 70 70
0002_0398_0031_0147_0147.jpg 1 398 31 147 147
0003_0266_0109_0215_0215.jpg 1 266 109 215 215
0004_0331_0278_0070_0070.jpg 1 331 278 70 70
0005_0459_0172_0095_0095.jpg 1 459 172 95 95
0006_0271_0100_0255_0255.jpg 1 271 100 255 255
0007_0140_0112_0201_0201.jpg 1 140 112 201 201
0008_0319_0124_0156_0156.jpg 1 319 124 156 156
0009_0154_0083_0112_0112.jpg 1 154 83 112 112
0010_0268_0181_0163_0163.jpg 1 268 181 163 163
0001_0303_0193_0175_0175.jpg 1 303 193 175 175
0002_0383_0118_0159_0159.jpg 1 383 118 159 159
0003_0438_0238_0079_0079.jpg 1 438 238 79 79
0004_0282_0235_0099_0099.jpg 1 282 235 99 99
0005_0138_0115_0156_0156.jpg 1 138 115 156 156
0006_0147_0062_0141_0141.jpg 1 147 62 141 141
0007_0351_0157_0222_0222.jpg 1 351 157 222 222
0008_0397_0079_0178_0178.jpg 1 397 79 178 178
0009_0076_0088_0048_0048.jpg 1 76 88 48 48
0010_0251_0045_0191_0191.jpg 1 251 45 191 191
0001_0280_0023_0258_0258.jpg 1 280 23 258 258
0002_0454_0282_0056_0056.jpg 1 454 282 56 56
0003_0316_0132_0194_0194.jpg 1 316 132 194 194
0004_0208_0161_0161_0161.jpg 1 208 161 161 161
0005_0263_0272_0027_0027.jpg 1 263 272 27 27
0006_0214_0231_0049_0049.jpg 1 214 231 49 49
0007_0387_0140_0162_0162.jpg 1 387 140 162 162
0008_0291_0040_0176_0176.jpg 1 291 40 176 176
0009_0322_0033_0275_0275.jpg 1 322 33 275 275
0010_0258_0047_0027_0027.jpg 1 258 47 27 27
0001_0307_0241_0107_0107.jpg 1 307 241 107 107
0002_0212_0261_0069_0069.jpg 1 212 261 69 69
0003_0275_0136_0061_0061.jpg 1 275 136 61 61
0004_0177_0047_0196_0196.jpg 1 177 47 196 196
0005_0388_0204_0098_0098.jpg 1 388 204 98 98
0006_0359_0133_0209_0209.jpg 1 359 133 209 209
0007_0154_0213_0096_0096.jpg 1 154 213 96 96
0008_0185_0302_0033_0033.jpg 1 185 302 33 33
0009_0282_0215_0029_0029.jpg 1 282 215 29 29
0010_0300_0097_0234_0234.jpg 1 300 97 234 234
0001_0117_0112_0191_0191.jpg 1 117 112 191 191
0002_0414_0099_0097_0097.jpg 1 414 99 97 97
0003_0194_0159_0179_0179.jpg 1 194 159 179 179
0004_0174_0042_0138_0138.jpg 1 174 42 138 138
0005_0276_0176_0114_0114.jpg 1 276 176 114 114
0006_0136_0179_0027_0027.jpg 1 136 179 27 27
0007_0460_0202_0121_0121.jpg 1 460 202 121 121
0008_0086_0265_0085_0085.jpg 1 86 265 85 85
0009_0094_0018_0250_0250.jpg 1 94 18 250 250
0010_0247_0228_0058_0058.jpg 1 247 228 58 58
0001_0303_0285_0042_0042.jpg 1 303 285 42 42
0002_0145_0048_0240_0240.jpg 1 145 48 240 240
0003_0119_0311_0050_0050.jpg 1 119 311 50 50
0004_0434_0049_0051_0051.jpg 1 434 49 51 51
0005_0266_0202_0070_0070.jpg 1 266 202 70 70
0006_0339_0042_0214_0214.jpg 1 339 42 214 214
0007_0062_0044_0236_0236.jpg 1 62 44 236 236
0008_0093_0164_0183_0183.jpg 1 93 164 183 183
0009_0284_0156_0120_0120.jpg 1 284 156 120 120
0010_0076_0064_0274_0274.jpg 1 76 64 274 274
0001_0170_0063_0147_0147.jpg 1 170 63 147 147
0002_0135_0098_0251_0251.jpg 1 135 98 251 251
0003_0356_0053_0168_0168.jpg 1 356 53 168 168
0004_0118_0169_0204_0204.jpg 1 118 169 204 204
0005_0114_0073_0250_0250.jpg 1 114 73 250 250
0006_0194_0042_0078_0078.jpg 1 194 42 78 78
0007_0316_0159_0087_0087.jpg 1 316 159 87 87
0008_0213_0122_0257_0257.jpg 1 213 122 257 257
0009_0372_0062_0052_0052.jpg 1 372 62 52 52
0010_0294_0067_0204_0204.jpg 1 294 67 204 204
0001_0175_0129_0230_0230.jpg 1 175 129 230 230
0002_0120_0073_0277_0277.jpg 1 120 73 277 277
0003_0418_0052_0029_0029.jpg 1 418 52 29 29
0004_0070_0099_0271_0271.jpg 1 70 99 271 271
0005_0174_0052_0258_0258.jpg 1 174 52 258 258
0006_0436_0050_0133_0133.jpg 1 436 50 133 133
0007_0293_0060_0192_0192.jpg 1 293 60 192 192
0008_0079_0090_0193_0193.jpg 1 79 90 193 193
0009_0361_0044_0139_0139.jpg 1 361 44 139 139
0010_0152_0114_0246_0246.jpg 1 152 114 246 246
0001_0151_0069_0079_0079.jpg 1 151 69 79 79
0002_0439_0205_0033_0033.jpg 1 439 205 33 33
0003_0162_0085_0277_0277.jpg 1 162 85 277 277
0004_0085_0255_0044_0044.jpg 1 85 255 44 44
0005_0319_0146_0191_0191.jpg 1 319 146 191 191
0006_0167_0023_0277_0277.jpg 1 167 23 277 277
0007_0421_0214_0097_0097.jpg 1 421 214 97 97
0008_0140_0120_0257_0257.jpg 1 140 120 257 257
0009_0102_0250_0054_0054.jpg 1 102 250 54 54
0010_0307_0219_0118_0118.jpg 1 307 219 118 118
0001_0360_0172_0164_0164.jpg 1 360 172 164 164
0002_0322_0022_0190_0190.jpg 1 322 22 190 190
0003_0197_0159_0144_0144.jpg 1 197 159 144 144
0004_0195_0039_0251_0251.jpg 1 195 39 251 251
0005_0302_0199_0097_0097.jpg 1 302 199 97 97
0006_0385_0222_0124_0124.jpg 1 385 222 124 124
0007_0243_0295_0040_0040.jpg 1 243 295 40 40
0008_0109_0049_0248_0248.jpg 1 109 49 248 248
0009_0212_0049_0126_0126.jpg 1 212 49 126 126
0010_0082_0219_0027_0027.jpg 1 82 219 27 27
0001_0098_0048_0142_0142.jpg 1 98 48 142 142
0002_0399_0282_0076_0076.jpg 1 399 282 76 76
0003_0082_0097_0139_0139.jpg 1 82 97 139 139
0004_0227_0050_0156_0156.jpg 1 227 50 156 156
0005_0216_0045_0162_0162.jpg 1 216 45 162 162
0006_0211_0112_0143_0143.jpg 1 211 112 143 143
0007_0373_0047_0074_0074.jpg 1 373 47 74 74
0008_0381_0210_0059_0059.jpg 1 381 210 59 59
0009_0501_0179_0078_0078.jpg 1 501 179 78 78
0010_0329_0069_0059_0059.jpg 1 329 69 59 59
0001_0153_0091_0097_0097.jpg 1 153 91 97 97
0002_0285_0137_0230_0230.jpg 1 285 137 230 230
0003_0255_0078_0129_0129.jpg 1 255 78 129 129
0004_0331_0091_0225_0225.jpg 1 331 91 225 225
0005_0372_0174_0048_0048.jpg 1 372 174 48 48
0006_0243_0101_0210_0210.jpg 1 243 101 210 210
0007_0450_0259_0075_0075.jpg 1 450 259 75 75
0008_0477_0116_0045_0045.jpg 1 477 116 45 45
0009_0325_0054_0261_0261.jpg 1 325 54 261 261
0010_0238_0171_0155_0155.jpg 1 238 171 155 155
0001_0230_0110_0202_0202.jpg 1 230 110 202 202
0002_0361_0106_0115_0115.jpg 1 361 106 115 115
0003_0259_0126_0250_0250.jpg 1 259 126 250 250
0004_0385_0238_0129_0129.jpg 1 385 238 129 129
0005_0356_0131_0243_0243.jpg 1 356 131 243 243
0006_0318_0045_0108_0108.jpg 1 318 45 108 108
0007_0101_0124_0128_0128.jpg 1 101 124 128 128
0008_0377_0217_0141_0141.jpg 1 377 217 141 141
0009_0126_0238_0104_0104.jpg 1 126 238 104 104
0010_0335_0076_0261_0261.jpg 1 335 76 261 261
0001_0128_0099_0030_0030.jpg 1 128 99 30 30
0002_0137_0183_0141_0141.jpg 1 137 183 141 141
0003_0241_0057_0240_0240.jpg 1 241 57 240 240
0004_0306_0162_0196_0196.jpg 1 306 162 196 196
0005_0265_0109_0253_0253.jpg 1 265 109 253 253
0006_0449_0242_0040_0040.jpg 1 449 242 40 40
0007_0284_0055_0248_0248.jpg 1 284 55 248 248
0008_0228_0181_0122_0122.jpg 1 228 181 122 122
0009_0387_0170_0181_0181.jpg 1 387 170 181 181
0010_0239_0150_0190_0190.jpg 1 239 150 190 190
0001_0429_0032_0135_0135.jpg 1 429 32 135 135
0002_0407_0252_0026_0026.jpg 1 407 252 26 26
0003_0406_0149_0106_0106.jpg 1 406 149 106 106
0004_0128_0099_0100_0100.jpg 1 128 99 100 100
0005_0084_0220_0061_0061.jpg 1 84 220 61 61
0006_0218_0217_0056_0056.jpg 1 218 217 56 56
0007_0254_0085_0141_0141.jpg 1 254 85 141 141
0008_0163_0059_0144_0144.jpg 1 163 59 144 144
0009_0197_0167_0130_0130.jpg 1 197 167 130 130
0010_0307_0076_0155_0155.jpg 1 307 76 155 155
0001_0293_0072_0091_0091.jpg 1 293 72 91 91
0002_0148_0072_0052_0052.jpg 1 148 72 52 52
0003_0383_0250_0094_0094.jpg 1 383 250 94 94
0004_0104_0087_0037_0037.jpg 1 104 87 37 37
0005_0417_0184_0066_0066.jpg 1 417 184 66 66
0006_0205_0057_0233_0233.jpg 1 205 57 233 233
0007_0304_0176_0118_0118.jpg 1 304 176 118 118
0008_0370_0239_0103_0103.jpg 1 370 239 103 103
0009_0204_0161_0048_0048.jpg 1 204 161 48 48
0010_0136_0180_0037_0037.jpg 1 136 180 37 37
0001_0344_0180_0197_0197.jpg 1 344 180 197 197
0002_0288_0036_0194_0194.jpg 1 288 36 194 194
0003_0259_0056_0090_0090.jpg 1 259 56 90 90
0004_0308_0199_0073_0073.jpg 1 308 199 73 73
0005_0312_0031_0141_0141.jpg 1 312 31 141 141
0006_0071_0052_0276_0276.jpg 1 71 52 276 276
0007_0283_0133_0074_0074.jpg 1 283 133 74 74
0008_0438_0097_0136_0136.jpg 1 438 97 136 136
0009_0103_0219_0026_0026.jpg 1 103 219 26 26
0010_0144_0133_0169_0169.jpg 1 144 133 169 169
0001_0420_0149_0154_0154.jpg 1 420 149 154 154
0002_0101_0021_0223_0223.jpg 1 101 21 223 223
0003_0352_0021_0213_0213.jpg 1 352 21 213 213
0004_0247_0138_0152_0152.jpg 1 247 138 152 152
0005_0518_0314_0046_0046.jpg 1 518 314 46 46
0006_0340_0097_0252_0252.jpg 1 340 97 252 252
0007_0055_0037_0151_0151.jpg 1 55 37 151 151
0008_0130_0085_0275_0275.jpg 1 130 85 275 275
0009_0293_0058_0270_0270.jpg 1 293 58 270 270
0010_0199_0119_0034_0034.jpg 1 199 119 34 34
0001_0057_0117_0235_0235.jpg 1 57 117 235 235
0002_0111_0237_0118_0118.jpg 1 111 237 118 118
0003_0326_0081_0194_0194.jpg 1 326 81 194 194
0004_0215_0262_0075_0075.jpg 1 215 262 75 75
0005_0195_0079_0279_0279.jpg 1 195 79 279 279
0006_0318_0079_0242_0242.jpg 1 318 79 242 242
0007_0305_0196_0122_0122.jpg 1 305 196 122 122
0008_0320_0045_0199_0199.jpg 1 320 45 199 199
0009_0130_0136_0213_0213.jpg 1 130 136 213 213
0010_0458_0266_0063_0063.jpg 1 458 266 63 63
0001_0336_0106_0214_0214.jpg 1 336 106 214 214
0002_0313_0112_0133_0133.jpg 1 313 112 133 133
0003_0232_0036_0193_0193.jpg 1 232 36 193 193
0004_0199_0116_0118_0118.jpg 1 199 116 118 118
0005_0261_0087_0113_0113.jpg 1 261 87 113 113
0006_0111_0111_0064_0064.jpg 1 111 111 64 64
0007_0147_0187_0158_0158.jpg 1 147 187 158 158
0008_0261_0079_0147_0147.jpg 1 261 79 147 147
0009_0121_0056_0159_0159.jpg 1 121 56 159 159
0010_0269_0095_0121_0121.jpg 1 269 95 121 121
0001_0115_0017_0276_0276.jpg 1 115 17 276 276
0002_0355_0256_0045_0045.jpg 1 355 256 45 45
0003_0131_0223_0050_0050.jpg 1 131 223 50 50
0004_0118_0048_0220_0220.jpg 1 118 48 220 220
0005_0257_0028_0192_0192.jpg 1 257 28 192 192
0006_0301_0057_0275_0275.jpg 1 301 57 275 275
0007_0183_0123_0059_0059.jpg 1 183 123 59 59
0008_0385_0257_0059_0059.jpg 1 385 257 59 59
0009_0134_0136_0149_0149.jpg 1 134 136 149 149
0010_0302_0098_0242_0242.jpg 1 302 98 242 242
0001_0060_0117_0252_0252.jpg 1 60 117 252 252
0002_0108_0236_0057_0057.jpg 1 108 236 57 57
0003_0466_0283_0042_0042.jpg 1 466 283 42 42
0004_0242_0032_0249_0249.jpg 1 242 32 249 249
0005_0415_0124_0126_0126.jpg 1 415 124 126 126
0006_0377_0192_0165_0165.jpg 1 377 192 165 165
0007_0441_0087_0093_0093.jpg 1 441 87 93 93
0008_0337_0027_0238_0238.jpg 1 337 27 238 238
0009_0056_0053_0261_0261.jpg 1 56 53 261 261
0010_0256_0126_0198_0198.jpg 1 256 126 198 198
0001_0358_0162_0081_0081.jpg 1 358 162 81 81
0002_0246_0042_0212_0212.jpg 1 246 42 212 212
0003_0439_0112_0033_0033.jpg 1 439 112 33 33
0004_0254_0028_0191_0191.jpg 1 254 28 191 191
0005_0081_0101_0268_0268.jpg 1 81 101 268 268
0006_0319_0049_0101_0101.jpg 1 319 49 101 101
0007_0259_0048_0219_0219.jpg 1 259 48 219 219
0008_0134_0168_0106_0106.jpg 1 134 168 106 106
0009_0055_0050_0256_0256.jpg 1 55 50 256 256
0010_0041_0102_0262_0262.jpg 1 41 102 262 262
0001_0279_0261_0057_0057.jpg 1 279 261 57 57
0002_0086_0056_0095_0095.jpg 1 86 56 95 95
0003_0229_0210_0151_0151.jpg 1 229 210 151 151
0004_0207_0156_0217_0217.jpg 1 207 156 217 217
0005_0370_0130_0194_0194.jpg 1 370 130 194 194
0006_0285_0131_0097_0097.jpg 1 285 131 97 97
0007_0278_0085_0201_0201.jpg 1 278 85 201 201
0008_0112_0122_0170_0170.jpg 1 112 122 170 170
0009_0364_0045_0136_0136.jpg 1 364 45 136 136
0010_0173_0277_0046_0046.jpg 1 173 277 46 46
0001_0084_0226_0142_0142.jpg 1 84 226 142 142
0002_0061_0019_0253_0253.jpg 1 61 19 253 253
0003_0157_0048_0274_0274.jpg 1 157 48 274 274
0004_0519_0294_0040_0040.jpg 1 519 294 40 40
0005_0122_0040_0228_0228.jpg 1 122 40 228 228
0006_0241_0237_0080_0080.jpg 1 241 237 80 80
0007_0402_0250_0045_0045.jpg 1 402 250 45 45
0008_0070_0041_0245_0245.jpg 1 70 41 245 245
0009_0347_0189_0149_0149.jpg 1 347 189 149 149
0010_0230_0054_0097_0097.jpg 1 230 54 97 97
0001_0318_0111_0248_0248.jpg 1 318 111 248 248
0002_0206_0066_0267_0267.jpg 1 206 66 267 267
0003_0101_0139_0144_0144.jpg 1 101 139 144 144
0004_0475_0250_0079_0079.jpg 1 475 250 79 79
0005_0103_0134_0178_0178.jpg 1 103 134 178 178
0006_0091_0231_0124_0124.jpg 1 91 231 124 124
0007_0350_0151_0128_0128.jpg 1 350 151 128 128
0008_0176_0052_0275_0275.jpg 1 176 52 275 275
0009_0132_0026_0141_0141.jpg 1 132 26 141 141
0010_0272_0135_0192_0192.jpg 1 272 135 192 192
0001_0279_0145_0075_0075.jpg 1 279 145 75 75
0002_0255_0196_0164_0164.jpg 1 255 196 164 164
0003_0203_0120_0258_0258.jpg 1 203 120 258 258
0004_0379_0071_0140_0140.jpg 1 379 71 140 140
0005_0168_0193_0176_0176.jpg 1 168 193 176 176
0006_0306_0108_0159_0159.jpg 1 306 108 159 159
0007_0105_0133_0195_0195.jpg 1 105 133 195 195
0008_0312_0053_0145_0145.jpg 1 312 53 145 145
0009_0077_0138_0238_0238.jpg 1 77 138 238 238
0010_0311_0108_0270_0270.jpg 1 311 108 270 270
0001_0278_0038_0159_0159.jpg 1 278 38 159 159
0002_0054_0076_0191_0191.jpg 1 54 76 191 191
0003_0449_0213_0120_0120.jpg 1 449 213 120 120
0004_0295_0111_0209_0209.jpg 1 295 111 209 209
0005_0309_0255_0061_0061.jpg 1 309 255 61 61
0006_0421_0038_0094_0094.jpg 1 421 38 94 94
0007_0444_0296_0058_0058.jpg 1 444 296 58 58
0008_0141_0110_0233_0233.jpg 1 141 110 233 233
0009_0460_0058_0112_0112.jpg 1 460 58 112 112
0010_0196_0106_0266_0266.jpg 1 196 106 266 266
0001_0412_0108_0136_0136.jpg 1 412 108 136 136
0002_0223_0064_0203_0203.jpg 1 223 64 203 203
0003_0250_0081_0239_0239.jpg 1 250 81 239 239
0004_0094_0085_0236_0236.jpg 1 94 85 236 236
0005_0152_0040_0244_0244.jpg 1 152 40 244 244
0006_0195_0272_0096_0096.jpg 1 195 272 96 96
0007_0256_0149_0063_0063.jpg 1 256 149 63 63
0008_0217_0173_0115_0115.jpg 1 217 173 115 115
0009_0238_0213_0065_0065.jpg 1 238 213 65 65
0010_0318_0016_0253_0253.jpg 1 318 16 253 253
0001_0056_0161_0091_0091.jpg 1 56 161 91 91
0002_0205_0045_0229_0229.jpg 1 205 45 229 229
0003_0303_0246_0101_0101.jpg 1 303 246 101 101
0004_0075_0099_0175_0175.jpg 1 75 99 175 175
0005_0215_0082_0256_0256.jpg 1 215 82 256 256
0006_0235_0050_0161_0161.jpg 1 235 50 161 161
0007_0069_0147_0194_0194.jpg 1 69 147 194 194
0008_0058_0097_0112_0112.jpg 1 58 97 112 112
0009_0154_0211_0151_0151.jpg 1 154 211 151 151
0010_0351_0116_0151_0151.jpg 1 351 116 151 151
0001_0197_0258_0070_0070.jpg 1 197 258 70 70
0002_0196_0099_0244_0244.jpg 1 196 99 244 244
0003_0400_0176_0098_0098.jpg 1 400 176 98 98
0004_0303_0128_0086_0086.jpg 1 303 128 86 86
0005_0213_0106_0206_0206.jpg 1 213 106 206 206
0006_0106_0062_0205_0205.jpg 1 106 62 205 205
0007_0277_0049_0152_0152.jpg 1 277 49 152 152
0008_0399_0035_0154_0154.jpg 1 399 35 154 154
0009_0135_0062_0174_0174.jpg 1 135 62 174 174
0010_0096_0085_0060_0060.jpg 1 96 85 60 60
0001_0404_0221_0151_0151.jpg 1 404 221 151 151
0002_0236_0147_0139_0139.jpg 1 236 147 139 139
0003_0140_0153_0082_0082.jpg 1 140 153 82 82
0004_0412_0073_0144_0144.jpg 1 412 73 144 144
0005_0330_0119_0071_0071.jpg 1 330 119 71 71
0006_0090_0107_0230_0230.jpg 1 90 107 230 230
0007_0176_0097_0192_0192.jpg 1 176 97 192 192
0008_0208_0223_0075_0075.jpg 1 208 223 75 75
0009_0118_0044_0198_0198.jpg 1 118 44 198 198
0010_0499_0236_0050_0050.jpg 1 499 236 50 50
0001_0256_0049_0259_0259.jpg 1 256 49 259 259
0002_0291_0053_0027_0027.jpg 1 291 53 27 27
0003_0245_0082_0082_0082.jpg 1 245 82 82 82
0004_0484_0096_0060_0060.jpg 1 484 96 60 60
0005_0088_0293_0033_0033.jpg 1 88 293 33 33
0006_0258_0159_0049_0049.jpg 1 258 159 49 49
0007_0080_0043_0089_0089.jpg 1 80 43 89 89
0008_0233_0062_0254_0254.jpg 1 233 62 254 254
0009_0319_0079_0105_0105.jpg 1 319 79 105 105
0010_0448_0170_0070_0070.jpg 1 448 170 70 70
0001_0322_0161_0213_0213.jpg 1 322 161 213 213
0002_0209_0104_0181_0181.jpg 1 209 104 181 181
0003_0208_0186_0070_0070.jpg 1 208 186 70 70
0004_0288_0085_0253_0253.jpg 1 288 85 253 253
0005_0174_0237_0039_0039.jpg 1 174 237 39 39
0006_0066_0140_0096_0096.jpg 1 66 140 96 96
0007_0082_0051_0175_0175.jpg 1 82 51 175 175
0008_0047_0031_0271_0271.jpg 1 47 31 271 271
0009_0199_0142_0215_0215.jpg 1 199 142 215 215
0010_0388_0197_0153_0153.jpg 1 388 197 153 153
0001_0209_0040_0170_0170.jpg 1 209 40 170 170
0002_0476_0259_0082_0082.jpg 1 476 259 82 82
0003_0415_0300_0064_0064.jpg 1 415 300 64 64
0004_0179_0041_0073_0073.jpg 1 179 41 73 73
0005_0311_0078_0065_0065.jpg 1 311 78 65 65
0006_0178_0068_0189_0189.jpg 1 178 68 189 189
0007_0073_0124_0109_0109.jpg 1 73 124 109 109
0008_0132_0160_0148_0148.jpg 1 132 160 148 148
0009_0160_0043_0231_0231.jpg 1 160 43 231 231
0010_0139_0050_0242_0242.jpg 1 139 50 242 242
0001_0337_0109_0147_0147.jpg 1 337 109 147 147
0002_0185_0139_0221_0221.jpg 1 185 139 221 221
0003_0514_0083_0056_0056.jpg 1 514 83 56 56
0004_0107_0148_0229_0229.jpg 1 107 148 229 229
0005_0305_0081_0253_0253.jpg 1 305 81 253 253
0006_0167_0139_0202_0202.jpg 1 167 139 202 202
0007_0242_0054_0264_0264.jpg 1 242 54 264 264
0008_0372_0032_0192_0192.jpg 1 372 32 192 192
0009_0321_0084_0098_0098.jpg 1 321 84 98 98
0010_0401_0145_0137_0137.jpg 1 401 145 137 137
