0001_0086_0119_0401_0267.jpg 1 86 119 401 267
0002_0158_0095_0132_0088.jpg 1 158 95 132 88
0003_0173_0107_0372_0248.jpg 1 173 107 372 248
0004_0065_0138_0298_0198.jpg 1 65 138 298 198
0005_0076_0052_0264_0176.jpg 1 76 52 264 176
0006_0136_0046_0191_0127.jpg 1 136 46 191 127
0007_0206_0048_0373_0248.jpg 1 206 48 373 248
0008_0180_0085_0330_0220.jpg 1 180 85 330 220
0009_0237_0207_0232_0154.jpg 1 237 207 232 154
0010_0115_0027_0353_0235.jpg 1 115 27 353 235
0001_0179_0088_0138_0092.jpg 1 179 88 138 92
0002_0107_0217_0207_0138.jpg 1 107 217 207 138
0003_0258_0174_0201_0134.jpg 1 258 174 201 134
0004_0079_0289_0078_0052.jpg 1 79 289 78 52
0005_0179_0084_0415_0277.jpg 1 179 84 415 277
0006_0145_0323_0029_0019.jpg 1 145 323 29 19
0007_0264_0309_0076_0050.jpg 1 264 309 76 50
0008_0115_0051_0040_0026.jpg 1 115 51 40 26
0009_0284_0152_0234_0156.jpg 1 284 152 234 156
0010_0317_0187_0274_0183.jpg 1 317 187 274 183
0001_0086_0261_0076_0050.jpg 1 86 261 76 50
0002_0049_0055_0196_0131.jpg 1 49 55 196 131
0003_0225_0196_0236_0157.jpg 1 225 196 236 157
0004_0087_0169_0264_0176.jpg 1 87 169 264 176
0005_0079_0194_0243_0162.jpg 1 79 194 243 162
0006_0354_0274_0050_0033.jpg 1 354 274 50 33
0007_0172_0184_0065_0043.jpg 1 172 184 65 43
0008_0340_0189_0219_0146.jpg 1 340 189 219 146
0009_0112_0049_0419_0279.jpg 1 112 49 419 279
0010_0296_0045_0090_0060.jpg 1 296 45 90 60
0001_0168_0031_0352_0234.jpg 1 168 31 352 234
0002_0137_0102_0306_0204.jpg 1 137 102 306 204
0003_0223_0068_0311_0207.jpg 1 223 68 311 207
0004_0063_0179_0057_0038.jpg 1 63 179 57 38
0005_0202_0189_0263_0175.jpg 1 202 189 263 175
0006_0135_0042_0336_0224.jpg 1 135 42 336 224
0007_0136_0106_0408_0272.jpg 1 136 106 408 272
0008_0049_0041_0383_0255.jpg 1 49 41 383 255
0009_0164_0143_0334_0222.jpg 1 164 143 334 222
0010_0173_0067_0417_0278.jpg 1 173 67 417 278
0001_0145_0118_0239_0159.jpg 1 145 118 239 159
0002_0190_0211_0093_0062.jpg 1 190 211 93 62
0003_0073_0135_0234_0156.jpg 1 73 135 234 156
0004_0092_0281_0123_0082.jpg 1 92 281 123 82
0005_0293_0187_0222_0148.jpg 1 293 187 222 148
0006_0064_0109_0322_0215.jpg 1 64 109 322 215
0007_0106_0037_0360_0240.jpg 1 106 37 360 240
0008_0159_0045_0405_0270.jpg 1 159 45 405 270
0009_0101_0145_0275_0183.jpg 1 101 145 275 183
0010_0186_0110_0294_0196.jpg 1 186 110 294 196
0001_0084_0022_0361_0241.jpg 1 84 22 361 241
0002_0172_0278_0062_0041.jpg 1 172 278 62 41
0003_0341_0062_0175_0117.jpg 1 341 62 175 117
0004_0153_0163_0160_0107.jpg 1 153 163 160 107
0005_0138_0248_0118_0079.jpg 1 138 248 118 79
0006_0254_0108_0349_0232.jpg 1 254 108 349 232
0007_0137_0175_0188_0125.jpg 1 137 175 188 125
0008_0337_0246_0170_0113.jpg 1 337 246 170 113
0009_0116_0020_0399_0266.jpg 1 116 20 399 266
0010_0294_0049_0237_0158.jpg 1 294 49 237 158
0001_0084_0124_0283_0189.jpg 1 84 124 283 189
0002_0266_0128_0225_0150.jpg 1 266 128 225 150
0003_0158_0131_0304_0203.jpg 1 158 131 304 203
0004_0198_0168_0175_0117.jpg 1 198 168 175 117
0005_0256_0097_0170_0113.jpg 1 256 97 170 113
0006_0193_0115_0298_0198.jpg 1 193 115 298 198
0007_0371_0121_0072_0048.jpg 1 371 121 72 48
0008_0302_0155_0265_0177.jpg 1 302 155 265 177
0009_0196_0147_0207_0138.jpg 1 196 147 207 138
0010_0337_0238_0107_0071.jpg 1 337 238 107 71
0001_0438_0143_0043_0028.jpg 1 438 143 43 28
0002_0162_0045_0370_0246.jpg 1 162 45 370 246
0003_0331_0040_0252_0168.jpg 1 331 40 252 168
0004_0093_0093_0158_0105.jpg 1 93 93 158 105
0005_0170_0069_0355_0236.jpg 1 170 69 355 236
0006_0118_0035_0281_0187.jpg 1 118 35 281 187
0007_0150_0019_0412_0275.jpg 1 150 19 412 275
0008_0280_0087_0263_0175.jpg 1 280 87 263 175
0009_0257_0042_0285_0190.jpg 1 257 42 285 190
0010_0077_0105_0352_0234.jpg 1 77 105 352 234
0001_0104_0078_0396_0264.jpg 1 104 78 396 264
0002_0287_0150_0118_0078.jpg 1 287 150 118 78
0003_0204_0064_0393_0262.jpg 1 204 64 393 262
0004_0235_0073_0324_0216.jpg 1 235 73 324 216
0005_0114_0144_0109_0073.jpg 1 114 144 109 73
0006_0182_0233_0192_0128.jpg 1 182 233 192 128
0007_0103_0075_0411_0274.jpg 1 103 75 411 274
0008_0068_0148_0196_0131.jpg 1 68 148 196 131
0009_0116_0237_0107_0071.jpg 1 116 237 107 71
0010_0278_0107_0216_0144.jpg 1 278 107 216 144
0001_0220_0027_0325_0217.jpg 1 220 27 325 217
0002_0226_0172_0299_0199.jpg 1 226 172 299 199
0003_0261_0071_0314_0209.jpg 1 261 71 314 209
0004_0168_0112_0136_0090.jpg 1 168 112 136 90
0005_0159_0044_0359_0239.jpg 1 159 44 359 239
0006_0239_0063_0222_0148.jpg 1 239 63 222 148
0007_0289_0091_0218_0145.jpg 1 289 91 218 145
0008_0107_0067_0138_0092.jpg 1 107 67 138 92
0009_0168_0173_0246_0164.jpg 1 168 173 246 164
0010_0467_0071_0050_0033.jpg 1 467 71 50 33
0001_0284_0156_0283_0189.jpg 1 284 156 283 189
0002_0086_0054_0246_0164.jpg 1 86 54 246 164
0003_0298_0154_0259_0172.jpg 1 298 154 259 172
0004_0265_0282_0110_0073.jpg 1 265 282 110 73
0005_0191_0135_0326_0217.jpg 1 191 135 326 217
0006_0193_0034_0364_0242.jpg 1 193 34 364 242
0007_0065_0028_0287_0191.jpg 1 65 28 287 191
0008_0113_0162_0216_0144.jpg 1 113 162 216 144
0009_0223_0040_0154_0102.jpg 1 223 40 154 102
0010_0291_0035_0255_0170.jpg 1 291 35 255 170
0001_0195_0127_0237_0158.jpg 1 195 127 237 158
0002_0144_0056_0382_0255.jpg 1 144 56 382 255
0003_0327_0039_0189_0126.jpg 1 327 39 189 126
0004_0345_0326_0056_0037.jpg 1 345 326 56 37
0005_0065_0244_0038_0025.jpg 1 65 244 38 25
0006_0246_0184_0192_0128.jpg 1 246 184 192 128
0007_0181_0283_0115_0076.jpg 1 181 283 115 76
0008_0399_0046_0178_0119.jpg 1 399 46 178 119
0009_0373_0175_0168_0112.jpg 1 373 175 168 112
0010_0382_0222_0180_0120.jpg 1 382 222 180 120
0001_0143_0044_0394_0262.jpg 1 143 44 394 262
0002_0264_0054_0133_0089.jpg 1 264 54 133 89
0003_0097_0151_0336_0224.jpg 1 97 151 336 224
0004_0314_0153_0237_0158.jpg 1 314 153 237 158
0005_0247_0194_0224_0149.jpg 1 247 194 224 149
0006_0348_0212_0183_0122.jpg 1 348 212 183 122
0007_0446_0162_0092_0061.jpg 1 446 162 92 61
0008_0316_0040_0281_0187.jpg 1 316 40 281 187
0009_0426_0123_0126_0084.jpg 1 426 123 126 84
0010_0094_0105_0061_0041.jpg 1 94 105 61 41
0001_0136_0154_0154_0102.jpg 1 136 154 154 102
0002_0172_0074_0279_0186.jpg 1 172 74 279 186
0003_0251_0160_0282_0188.jpg 1 251 160 282 188
0004_0065_0085_0211_0141.jpg 1 65 85 211 141
0005_0063_0118_0385_0257.jpg 1 63 118 385 257
0006_0055_0108_0116_0077.jpg 1 55 108 116 77
0007_0360_0087_0140_0093.jpg 1 360 87 140 93
0008_0158_0122_0327_0218.jpg 1 158 122 327 218
0009_0321_0083_0203_0135.jpg 1 321 83 203 135
0010_0119_0272_0083_0055.jpg 1 119 272 83 55
0001_0256_0138_0310_0206.jpg 1 256 138 310 206
0002_0345_0033_0227_0151.jpg 1 345 33 227 151
0003_0175_0252_0034_0023.jpg 1 175 252 34 23
0004_0144_0229_0198_0132.jpg 1 144 229 198 132
0005_0145_0146_0183_0122.jpg 1 145 146 183 122
0006_0099_0145_0315_0210.jpg 1 99 145 315 210
0007_0131_0107_0317_0211.jpg 1 131 107 317 211
0008_0267_0030_0194_0129.jpg 1 267 30 194 129
0009_0027_0082_0414_0276.jpg 1 27 82 414 276
0010_0214_0075_0396_0264.jpg 1 214 75 396 264
0001_0189_0136_0032_0021.jpg 1 189 136 32 21
0002_0349_0073_0189_0126.jpg 1 349 73 189 126
0003_0231_0115_0356_0237.jpg 1 231 115 356 237
0004_0179_0231_0204_0136.jpg 1 179 231 204 136
0005_0064_0114_0219_0146.jpg 1 64 114 219 146
0006_0187_0074_0034_0023.jpg 1 187 74 34 23
0007_0058_0157_0334_0222.jpg 1 58 157 334 222
0008_0381_0229_0150_0100.jpg 1 381 229 150 100
0009_0096_0057_0316_0210.jpg 1 96 57 316 210
0010_0185_0099_0407_0271.jpg 1 185 99 407 271
0001_0204_0021_0387_0258.jpg 1 204 21 387 258
0002_0222_0148_0336_0224.jpg 1 222 148 336 224
0003_0426_0068_0107_0071.jpg 1 426 68 107 71
0004_0269_0050_0183_0122.jpg 1 269 50 183 122
0005_0101_0141_0191_0127.jpg 1 101 141 191 127
0006_0129_0087_0378_0252.jpg 1 129 87 378 252
0007_0078_0194_0210_0140.jpg 1 78 194 210 140
0008_0065_0140_0243_0162.jpg 1 65 140 243 162
0009_0176_0115_0287_0191.jpg 1 176 115 287 191
0010_0104_0140_0037_0025.jpg 1 104 140 37 25
0001_0030_0128_0343_0228.jpg 1 30 128 343 228
0002_0381_0075_0081_0054.jpg 1 381 75 81 54
0003_0217_0037_0046_0031.jpg 1 217 37 46 31
0004_0094_0044_0347_0231.jpg 1 94 44 347 231
0005_0102_0039_0144_0096.jpg 1 102 39 144 96
0006_0175_0090_0297_0198.jpg 1 175 90 297 198
0007_0122_0067_0225_0150.jpg 1 122 67 225 150
0008_0079_0068_0383_0255.jpg 1 79 68 383 255
0009_0473_0196_0051_0034.jpg 1 473 196 51 34
0010_0125_0128_0222_0148.jpg 1 125 128 222 148
0001_0320_0045_0102_0068.jpg 1 320 45 102 68
0002_0263_0096_0224_0149.jpg 1 263 96 224 149
0003_0087_0114_0381_0254.jpg 1 87 114 381 254
0004_0250_0111_0110_0073.jpg 1 250 111 110 73
0005_0341_0188_0082_0054.jpg 1 341 188 82 54
0006_0067_0092_0183_0122.jpg 1 67 92 183 122
0007_0353_0081_0185_0123.jpg 1 353 81 185 123
0008_0254_0034_0266_0177.jpg 1 254 34 266 177
0009_0276_0098_0207_0138.jpg 1 276 98 207 138
0010_0180_0046_0385_0257.jpg 1 180 46 385 257
0001_0314_0087_0265_0177.jpg 1 314 87 265 177
0002_0090_0084_0243_0162.jpg 1 90 84 243 162
0003_0236_0041_0175_0116.jpg 1 236 41 175 116
0004_0207_0089_0162_0108.jpg 1 207 89 162 108
0005_0223_0014_0390_0260.jpg 1 223 14 390 260
0006_0082_0190_0239_0159.jpg 1 82 190 239 159
0007_0121_0140_0103_0069.jpg 1 121 140 103 69
0008_0261_0080_0288_0192.jpg 1 261 80 288 192
0009_0352_0071_0106_0071.jpg 1 352 71 106 71
0010_0519_0233_0029_0019.jpg 1 519 233 29 19
0001_0170_0095_0034_0022.jpg 1 170 95 34 22
0002_0127_0258_0069_0046.jpg 1 127 258 69 46
0003_0318_0203_0173_0115.jpg 1 318 203 173 115
0004_0335_0069_0229_0153.jpg 1 335 69 229 153
0005_0218_0278_0130_0086.jpg 1 218 278 130 86
0006_0238_0017_0336_0224.jpg 1 238 17 336 224
0007_0407_0240_0081_0054.jpg 1 407 240 81 54
0008_0206_0052_0209_0139.jpg 1 206 52 209 139
0009_0135_0159_0193_0129.jpg 1 135 159 193 129
0010_0108_0105_0316_0211.jpg 1 108 105 316 211
0001_0232_0135_0196_0131.jpg 1 232 135 196 131
0002_0076_0061_0285_0190.jpg 1 76 61 285 190
0003_0238_0139_0358_0238.jpg 1 238 139 358 238
0004_0136_0137_0270_0180.jpg 1 136 137 270 180
0005_0289_0208_0216_0144.jpg 1 289 208 216 144
0006_0182_0152_0149_0099.jpg 1 182 152 149 99
0007_0133_0061_0312_0208.jpg 1 133 61 312 208
0008_0306_0069_0089_0059.jpg 1 306 69 89 59
0009_0433_0245_0048_0032.jpg 1 433 245 48 32
0010_0050_0057_0318_0212.jpg 1 50 57 318 212
0001_0364_0222_0161_0107.jpg 1 364 222 161 107
0002_0107_0083_0106_0070.jpg 1 107 83 106 70
0003_0176_0102_0346_0231.jpg 1 176 102 346 231
0004_0163_0176_0116_0077.jpg 1 163 176 116 77
0005_0179_0138_0303_0202.jpg 1 179 138 303 202
0006_0228_0073_0343_0229.jpg 1 228 73 343 229
0007_0179_0047_0291_0194.jpg 1 179 47 291 194
0008_0105_0221_0224_0149.jpg 1 105 221 224 149
0009_0057_0091_0400_0266.jpg 1 57 91 400 266
0010_0063_0140_0196_0130.jpg 1 63 140 196 130
0001_0106_0069_0128_0085.jpg 1 106 69 128 85
0002_0188_0041_0328_0219.jpg 1 188 41 328 219
0003_0387_0115_0147_0098.jpg 1 387 115 147 98
0004_0142_0151_0184_0123.jpg 1 142 151 184 123
0005_0350_0077_0246_0164.jpg 1 350 77 246 164
0006_0065_0143_0263_0175.jpg 1 65 143 263 175
0007_0077_0120_0332_0221.jpg 1 77 120 332 221
0008_0258_0049_0104_0069.jpg 1 258 49 104 69
0009_0349_0078_0035_0023.jpg 1 349 78 35 23
0010_0034_0030_0344_0229.jpg 1 34 30 344 229
0001_0061_0049_0351_0234.jpg 1 61 49 351 234
0002_0098_0174_0031_0021.jpg 1 98 174 31 21
0003_0276_0069_0298_0199.jpg 1 276 69 298 199
0004_0041_0167_0234_0156.jpg 1 41 167 234 156
0005_0189_0127_0357_0238.jpg 1 189 127 357 238
0006_0484_0267_0034_0023.jpg 1 484 267 34 23
0007_0042_0140_0248_0165.jpg 1 42 140 248 165
0008_0331_0304_0075_0050.jpg 1 331 304 75 50
0009_0060_0045_0349_0233.jpg 1 60 45 349 233
0010_0101_0132_0348_0232.jpg 1 101 132 348 232
0001_0237_0076_0043_0028.jpg 1 237 76 43 28
0002_0213_0146_0220_0146.jpg 1 213 146 220 146
0003_0203_0215_0034_0023.jpg 1 203 215 34 23
0004_0195_0133_0325_0216.jpg 1 195 133 325 216
0005_0148_0125_0364_0242.jpg 1 148 125 364 242
0006_0246_0164_0316_0211.jpg 1 246 164 316 211
0007_0143_0220_0198_0132.jpg 1 143 220 198 132
0008_0182_0203_0091_0060.jpg 1 182 203 91 60
0009_0499_0112_0081_0054.jpg 1 499 112 81 54
0010_0095_0057_0408_0272.jpg 1 95 57 408 272
0001_0103_0226_0205_0137.jpg 1 103 226 205 137
0002_0539_0202_0040_0027.jpg 1 539 202 40 27
0003_0375_0082_0221_0147.jpg 1 375 82 221 147
0004_0265_0077_0174_0116.jpg 1 265 77 174 116
0005_0298_0162_0264_0176.jpg 1 298 162 264 176
0006_0183_0260_0149_0099.jpg 1 183 260 149 99
0007_0334_0099_0259_0172.jpg 1 334 99 259 172
0008_0046_0083_0395_0263.jpg 1 46 83 395 263
0009_0431_0041_0148_0099.jpg 1 431 41 148 99
0010_0197_0038_0399_0266.jpg 1 197 38 399 266
0001_0238_0110_0369_0246.jpg 1 238 110 369 246
0002_0517_0183_0061_0041.jpg 1 517 183 61 41
0003_0114_0228_0214_0142.jpg 1 114 228 214 142
0004_0329_0242_0029_0019.jpg 1 329 242 29 19
0005_0183_0042_0375_0250.jpg 1 183 42 375 250
0006_0197_0035_0205_0136.jpg 1 197 35 205 136
0007_0171_0058_0172_0115.jpg 1 171 58 172 115
0008_0126_0036_0215_0143.jpg 1 126 36 215 143
0009_0309_0208_0061_0040.jpg 1 309 208 61 40
0010_0051_0025_0321_0214.jpg 1 51 25 321 214
0001_0163_0053_0137_0091.jpg 1 163 53 137 91
0002_0273_0166_0082_0054.jpg 1 273 166 82 54
0003_0365_0063_0205_0136.jpg 1 365 63 205 136
0004_0061_0208_0080_0053.jpg 1 61 208 80 53
0005_0102_0085_0085_0057.jpg 1 102 85 85 57
0006_0203_0049_0252_0168.jpg 1 203 49 252 168
0007_0224_0083_0275_0183.jpg 1 224 83 275 183
0008_0295_0117_0230_0153.jpg 1 295 117 230 153
0009_0200_0156_0184_0123.jpg 1 200 156 184 123
0010_0493_0054_0082_0055.jpg 1 493 54 82 55
0001_0055_0085_0300_0200.jpg 1 55 85 300 200
0002_0257_0281_0101_0067.jpg 1 257 281 101 67
0003_0087_0213_0196_0130.jpg 1 87 213 196 130
0004_0268_0024_0328_0219.jpg 1 268 24 328 219
0005_0116_0022_0382_0255.jpg 1 116 22 382 255
0006_0205_0125_0275_0183.jpg 1 205 125 275 183
0007_0140_0072_0304_0202.jpg 1 140 72 304 202
0008_0363_0179_0060_0040.jpg 1 363 179 60 40
0009_0205_0166_0106_0070.jpg 1 205 166 106 70
0010_0320_0260_0059_0039.jpg 1 320 260 59 39
0001_0462_0242_0067_0045.jpg 1 462 242 67 45
0002_0452_0260_0121_0080.jpg 1 452 260 121 80
0003_0093_0021_0384_0256.jpg 1 93 21 384 256
0004_0215_0133_0378_0252.jpg 1 215 133 378 252
0005_0398_0039_0093_0062.jpg 1 398 39 93 62
0006_0308_0199_0130_0086.jpg 1 308 199 130 86
0007_0141_0109_0416_0277.jpg 1 141 109 416 277
0008_0127_0241_0081_0054.jpg 1 127 241 81 54
0009_0169_0084_0402_0268.jpg 1 169 84 402 268
0010_0203_0161_0286_0190.jpg 1 203 161 286 190
0001_0055_0092_0328_0218.jpg 1 55 92 328 218
0002_0106_0089_0405_0270.jpg 1 106 89 405 270
0003_0184_0126_0358_0239.jpg 1 184 126 358 239
0004_0170_0098_0402_0268.jpg 1 170 98 402 268
0005_0220_0129_0347_0231.jpg 1 220 129 347 231
0006_0296_0044_0160_0107.jpg 1 296 44 160 107
0007_0266_0193_0271_0180.jpg 1 266 193 271 180
0008_0404_0096_0165_0110.jpg 1 404 96 165 110
0009_0118_0054_0325_0216.jpg 1 118 54 325 216
0010_0077_0145_0266_0177.jpg 1 77 145 266 177
0001_0446_0122_0095_0063.jpg 1 446 122 95 63
0002_0272_0249_0028_0018.jpg 1 272 249 28 18
0003_0240_0023_0346_0230.jpg 1 240 23 346 230
0004_0264_0068_0247_0165.jpg 1 264 68 247 165
0005_0131_0111_0040_0026.jpg 1 131 111 40 26
0006_0060_0025_0370_0246.jpg 1 60 25 370 246
0007_0145_0106_0304_0202.jpg 1 145 106 304 202
0008_0104_0299_0048_0032.jpg 1 104 299 48 32
0009_0112_0019_0398_0265.jpg 1 112 19 398 265
0010_0441_0215_0147_0098.jpg 1 441 215 147 98
0001_0430_0270_0120_0080.jpg 1 430 270 120 80
0002_0126_0161_0328_0219.jpg 1 126 161 328 219
0003_0452_0169_0108_0072.jpg 1 452 169 108 72
0004_0157_0163_0315_0210.jpg 1 157 163 315 210
0005_0217_0116_0384_0256.jpg 1 217 116 384 256
0006_0040_0042_0407_0271.jpg 1 40 42 407 271
0007_0050_0111_0343_0229.jpg 1 50 111 343 229
0008_0530_0134_0038_0025.jpg 1 530 134 38 25
0009_0053_0130_0111_0074.jpg 1 53 130 111 74
0010_0074_0159_0294_0196.jpg 1 74 159 294 196
0001_0171_0101_0413_0275.jpg 1 171 101 413 275
0002_0174_0107_0192_0128.jpg 1 174 107 192 128
0003_0200_0124_0282_0188.jpg 1 200 124 282 188
0004_0446_0119_0075_0050.jpg 1 446 119 75 50
0005_0279_0220_0112_0074.jpg 1 279 220 112 74
0006_0228_0019_0352_0234.jpg 1 228 19 352 234
0007_0063_0076_0237_0158.jpg 1 63 76 237 158
0008_0091_0122_0217_0144.jpg 1 91 122 217 144
0009_0208_0060_0328_0219.jpg 1 208 60 328 219
0010_0140_0068_0079_0053.jpg 1 140 68 79 53
0001_0274_0075_0180_0120.jpg 1 274 75 180 120
0002_0162_0093_0212_0141.jpg 1 162 93 212 141
0003_0407_0119_0075_0050.jpg 1 407 119 75 50
0004_0234_0052_0324_0216.jpg 1 234 52 324 216
0005_0089_0074_0415_0276.jpg 1 89 74 415 276
0006_0196_0137_0191_0127.jpg 1 196 137 191 127
0007_0419_0110_0102_0068.jpg 1 419 110 102 68
0008_0314_0046_0113_0075.jpg 1 314 46 113 75
0009_0391_0216_0166_0110.jpg 1 391 216 166 110
0010_0502_0202_0038_0025.jpg 1 502 202 38 25
0001_0130_0021_0343_0229.jpg 1 130 21 343 229
0002_0468_0124_0033_0022.jpg 1 468 124 33 22
0003_0183_0112_0262_0174.jpg 1 183 112 262 174
0004_0139_0068_0173_0115.jpg 1 139 68 173 115
0005_0086_0102_0315_0210.jpg 1 86 102 315 210
0006_0524_0048_0027_0018.jpg 1 524 48 27 18
0007_0251_0111_0174_0116.jpg 1 251 111 174 116
0008_0179_0145_0254_0169.jpg 1 179 145 254 169
0009_0273_0123_0318_0212.jpg 1 273 123 318 212
0010_0261_0027_0202_0135.jpg 1 261 27 202 135
0001_0147_0254_0110_0073.jpg 1 147 254 110 73
0002_0447_0253_0052_0034.jpg 1 447 253 52 34
0003_0094_0150_0251_0167.jpg 1 94 150 251 167
0004_0142_0021_0418_0279.jpg 1 142 21 418 279
0005_0050_0115_0214_0143.jpg 1 50 115 214 143
0006_0273_0326_0051_0034.jpg 1 273 326 51 34
0007_0125_0194_0212_0141.jpg 1 125 194 212 141
0008_0239_0034_0303_0202.jpg 1 239 34 303 202
0009_0283_0088_0263_0175.jpg 1 283 88 263 175
0010_0194_0104_0364_0242.jpg 1 194 104 364 242
0001_0043_0137_0273_0182.jpg 1 43 137 273 182
0002_0200_0230_0072_0048.jpg 1 200 230 72 48
0003_0163_0190_0241_0160.jpg 1 163 190 241 160
0004_0118_0042_0068_0045.jpg 1 118 42 68 45
0005_0427_0123_0108_0072.jpg 1 427 123 108 72
0006_0042_0115_0261_0174.jpg 1 42 115 261 174
0007_0284_0317_0040_0026.jpg 1 284 317 40 26
0008_0250_0109_0169_0113.jpg 1 250 109 169 113
0009_0273_0174_0127_0085.jpg 1 273 174 127 85
0010_0115_0043_0106_0070.jpg 1 115 43 106 70
0001_0049_0045_0405_0270.jpg 1 49 45 405 270
0002_0184_0195_0118_0078.jpg 1 184 195 118 78
0003_0149_0082_0235_0156.jpg 1 149 82 235 156
0004_0044_0067_0394_0263.jpg 1 44 67 394 263
0005_0178_0059_0374_0249.jpg 1 178 59 374 249
0006_0477_0294_0069_0046.jpg 1 477 294 69 46
0007_0230_0077_0251_0167.jpg 1 230 77 251 167
0008_0183_0080_0373_0248.jpg 1 183 80 373 248
0009_0124_0158_0062_0041.jpg 1 124 158 62 41
0010_0073_0258_0109_0073.jpg 1 73 258 109 73
0001_0398_0173_0172_0115.jpg 1 398 173 172 115
0002_0104_0100_0336_0224.jpg 1 104 100 336 224
0003_0055_0122_0226_0150.jpg 1 55 122 226 150
0004_0213_0198_0246_0164.jpg 1 213 198 246 164
0005_0309_0251_0078_0052.jpg 1 309 251 78 52
0006_0167_0170_0296_0197.jpg 1 167 170 296 197
0007_0218_0263_0105_0070.jpg 1 218 263 105 70
0008_0125_0243_0070_0046.jpg 1 125 243 70 46
0009_0077_0102_0333_0222.jpg 1 77 102 333 222
0010_0229_0108_0200_0133.jpg 1 229 108 200 133
0001_0348_0265_0138_0092.jpg 1 348 265 138 92
0002_0355_0041_0158_0105.jpg 1 355 41 158 105
0003_0129_0063_0216_0144.jpg 1 129 63 216 144
0004_0059_0268_0098_0065.jpg 1 59 268 98 65
0005_0216_0041_0381_0254.jpg 1 216 41 381 254
0006_0163_0088_0340_0227.jpg 1 163 88 340 227
0007_0057_0020_0400_0266.jpg 1 57 20 400 266
0008_0078_0126_0268_0178.jpg 1 78 126 268 178
0009_0552_0329_0026_0017.jpg 1 552 329 26 17
0010_0184_0225_0078_0052.jpg 1 184 225 78 52
0001_0287_0105_0103_0068.jpg 1 287 105 103 68
0002_0192_0015_0376_0250.jpg 1 192 15 376 250
0003_0202_0209_0207_0138.jpg 1 202 209 207 138
0004_0253_0126_0346_0230.jpg 1 253 126 346 230
0005_0391_0207_0086_0057.jpg 1 391 207 86 57
0006_0085_0142_0175_0116.jpg 1 85 142 175 116
0007_0490_0063_0059_0039.jpg 1 490 63 59 39
0008_0040_0104_0357_0238.jpg 1 40 104 357 238
0009_0213_0101_0264_0176.jpg 1 213 101 264 176
0010_0443_0317_0061_0040.jpg 1 443 317 61 40
0001_0443_0203_0067_0045.jpg 1 443 203 67 45
0002_0077_0064_0394_0263.jpg 1 77 64 394 263
0003_0055_0019_0393_0262.jpg 1 55 19 393 262
0004_0101_0094_0390_0260.jpg 1 101 94 390 260
0005_0042_0015_0374_0249.jpg 1 42 15 374 249
0006_0084_0125_0181_0120.jpg 1 84 125 181 120
0007_0062_0026_0259_0172.jpg 1 62 26 259 172
0008_0140_0047_0144_0096.jpg 1 140 47 144 96
0009_0105_0038_0110_0073.jpg 1 105 38 110 73
0010_0380_0137_0084_0056.jpg 1 380 137 84 56
0001_0090_0204_0233_0155.jpg 1 90 204 233 155
0002_0197_0171_0024_0016.jpg 1 197 171 24 16
0003_0360_0086_0196_0131.jpg 1 360 86 196 131
0004_0237_0242_0066_0044.jpg 1 237 242 66 44
0005_0067_0172_0126_0084.jpg 1 67 172 126 84
0006_0222_0091_0114_0076.jpg 1 222 91 114 76
0007_0116_0112_0326_0217.jpg 1 116 112 326 217
0008_0237_0166_0273_0182.jpg 1 237 166 273 182
0009_0234_0271_0046_0030.jpg 1 234 271 46 30
0010_0204_0094_0053_0035.jpg 1 204 94 53 35
0001_0209_0093_0396_0264.jpg 1 209 93 396 264
0002_0183_0300_0043_0028.jpg 1 183 300 43 28
0003_0258_0240_0185_0123.jpg 1 258 240 185 123
0004_0251_0118_0310_0206.jpg 1 251 118 310 206
0005_0177_0054_0415_0277.jpg 1 177 54 415 277
0006_0224_0072_0121_0080.jpg 1 224 72 121 80
0007_0055_0050_0128_0085.jpg 1 55 50 128 85
0008_0475_0253_0054_0036.jpg 1 475 253 54 36
0009_0165_0184_0279_0186.jpg 1 165 184 279 186
0010_0104_0156_0271_0180.jpg 1 104 156 271 180
0001_0170_0072_0327_0218.jpg 1 170 72 327 218
0002_0387_0118_0084_0056.jpg 1 387 118 84 56
0003_0051_0110_0169_0112.jpg 1 51 110 169 112
0004_0125_0136_0217_0144.jpg 1 125 136 217 144
0005_0068_0086_0236_0157.jpg 1 68 86 236 157
0006_0239_0089_0223_0149.jpg 1 239 89 223 149
0007_0191_0153_0337_0224.jpg 1 191 153 337 224
0008_0073_0176_0068_0045.jpg 1 73 176 68 45
0009_0299_0086_0264_0176.jpg 1 299 86 264 176
0010_0163_0167_0034_0023.jpg 1 163 167 34 23
0001_0273_0134_0292_0194.jpg 1 273 134 292 194
0002_0153_0103_0103_0068.jpg 1 153 103 103 68
0003_0076_0021_0356_0237.jpg 1 76 21 356 237
0004_0141_0167_0066_0044.jpg 1 141 167 66 44
0005_0132_0048_0333_0222.jpg 1 132 48 333 222
0006_0234_0078_0246_0164.jpg 1 234 78 246 164
0007_0186_0131_0176_0117.jpg 1 186 131 176 117
0008_0249_0020_0321_0214.jpg 1 249 20 321 214
0009_0415_0090_0043_0029.jpg 1 415 90 43 29
0010_0269_0076_0294_0196.jpg 1 269 76 294 196
0001_0364_0039_0059_0039.jpg 1 364 39 59 39
0002_0216_0051_0320_0213.jpg 1 216 51 320 213
0003_0212_0205_0148_0099.jpg 1 212 205 148 99
0004_0316_0263_0114_0076.jpg 1 316 263 114 76
0005_0124_0047_0232_0154.jpg 1 124 47 232 154
0006_0085_0073_0270_0180.jpg 1 85 73 270 180
0007_0247_0128_0219_0146.jpg 1 247 128 219 146
0008_0114_0162_0199_0132.jpg 1 114 162 199 132
0009_0084_0053_0276_0184.jpg 1 84 53 276 184
0010_0060_0026_0298_0198.jpg 1 60 26 298 198
0001_0534_0140_0025_0017.jpg 1 534 140 25 17
0002_0134_0196_0143_0095.jpg 1 134 196 143 95
0003_0181_0146_0339_0226.jpg 1 181 146 339 226
0004_0081_0224_0168_0112.jpg 1 81 224 168 112
0005_0060_0096_0342_0228.jpg 1 60 96 342 228
0006_0162_0129_0127_0084.jpg 1 162 129 127 84
0007_0146_0051_0331_0221.jpg 1 146 51 331 221
0008_0149_0041_0224_0149.jpg 1 149 41 224 149
0009_0155_0041_0411_0274.jpg 1 155 41 411 274
0010_0180_0143_0078_0052.jpg 1 180 143 78 52
0001_0321_0170_0188_0125.jpg 1 321 170 188 125
0002_0184_0033_0361_0240.jpg 1 184 33 361 240
0003_0390_0187_0130_0087.jpg 1 390 187 130 87
0004_0118_0089_0415_0277.jpg 1 118 89 415 277
0005_0277_0328_0050_0033.jpg 1 277 328 50 33
0006_0353_0121_0167_0111.jpg 1 353 121 167 111
0007_0289_0086_0209_0139.jpg 1 289 86 209 139
0008_0087_0040_0357_0238.jpg 1 87 40 357 238
0009_0423_0219_0132_0088.jpg 1 423 219 132 88
0010_0110_0062_0171_0114.jpg 1 110 62 171 114
0001_0269_0141_0154_0103.jpg 1 269 141 154 103
0002_0117_0049_0184_0123.jpg 1 117 49 184 123
0003_0044_0065_0322_0215.jpg 1 44 65 322 215
0004_0038_0063_0271_0181.jpg 1 38 63 271 181
0005_0108_0139_0356_0237.jpg 1 108 139 356 237
0006_0195_0013_0412_0274.jpg 1 195 13 412 274
0007_0097_0050_0107_0071.jpg 1 97 50 107 71
0008_0388_0090_0161_0107.jpg 1 388 90 161 107
0009_0236_0066_0057_0038.jpg 1 236 66 57 38
0010_0070_0103_0207_0138.jpg 1 70 103 207 138
0001_0206_0107_0120_0080.jpg 1 206 107 120 80
0002_0154_0072_0404_0269.jpg 1 154 72 404 269
0003_0162_0167_0119_0079.jpg 1 162 167 119 79
0004_0145_0118_0333_0222.jpg 1 145 118 333 222
0005_0101_0090_0287_0191.jpg 1 101 90 287 191
0006_0093_0064_0105_0070.jpg 1 93 64 105 70
0007_0099_0121_0080_0053.jpg 1 99 121 80 53
0008_0141_0157_0270_0180.jpg 1 141 157 270 180
0009_0078_0097_0295_0197.jpg 1 78 97 295 197
0010_0304_0065_0112_0075.jpg 1 304 65 112 75
0001_0344_0198_0250_0166.jpg 1 344 198 250 166
0002_0252_0114_0248_0165.jpg 1 252 114 248 165
0003_0085_0086_0301_0201.jpg 1 85 86 301 201
0004_0490_0216_0040_0026.jpg 1 490 216 40 26
0005_0260_0248_0100_0067.jpg 1 260 248 100 67
0006_0147_0200_0190_0126.jpg 1 147 200 190 126
0007_0171_0251_0057_0038.jpg 1 171 251 57 38
0008_0330_0047_0236_0157.jpg 1 330 47 236 157
0009_0193_0046_0041_0027.jpg 1 193 46 41 27
0010_0459_0266_0091_0060.jpg 1 459 266 91 60
0001_0137_0077_0215_0143.jpg 1 137 77 215 143
0002_0086_0099_0267_0178.jpg 1 86 99 267 178
0003_0144_0120_0290_0193.jpg 1 144 120 290 193
0004_0425_0040_0086_0057.jpg 1 425 40 86 57
0005_0183_0090_0393_0262.jpg 1 183 90 393 262
0006_0080_0091_0407_0271.jpg 1 80 91 407 271
0007_0468_0234_0088_0059.jpg 1 468 234 88 59
0008_0086_0126_0284_0189.jpg 1 86 126 284 189
0009_0069_0197_0206_0137.jpg 1 69 197 206 137
0010_0216_0069_0138_0092.jpg 1 216 69 138 92
0001_0043_0082_0380_0253.jpg 1 43 82 380 253
0002_0081_0170_0290_0193.jpg 1 81 170 290 193
0003_0069_0073_0286_0191.jpg 1 69 73 286 191
0004_0105_0017_0345_0230.jpg 1 105 17 345 230
0005_0088_0124_0322_0214.jpg 1 88 124 322 214
0006_0268_0157_0100_0067.jpg 1 268 157 100 67
0007_0317_0052_0276_0184.jpg 1 317 52 276 184
0008_0127_0313_0070_0046.jpg 1 127 313 70 46
0009_0461_0092_0066_0044.jpg 1 461 92 66 44
0010_0120_0161_0157_0104.jpg 1 120 161 157 104
0001_0398_0125_0144_0096.jpg 1 398 125 144 96
0002_0205_0074_0304_0203.jpg 1 205 74 304 203
0003_0190_0171_0070_0046.jpg 1 190 171 70 46
0004_0307_0113_0179_0119.jpg 1 307 113 179 119
0005_0388_0245_0189_0126.jpg 1 388 245 189 126
0006_0295_0063_0256_0170.jpg 1 295 63 256 170
0007_0163_0193_0174_0116.jpg 1 163 193 174 116
0008_0127_0050_0226_0151.jpg 1 127 50 226 151
0009_0168_0094_0414_0276.jpg 1 168 94 414 276
0010_0105_0115_0331_0221.jpg 1 105 115 331 221
0001_0082_0130_0310_0206.jpg 1 82 130 310 206
0002_0191_0064_0329_0219.jpg 1 191 64 329 219
0003_0045_0146_0267_0178.jpg 1 45 146 267 178
0004_0263_0094_0247_0165.jpg 1 263 94 247 165
0005_0217_0042_0132_0088.jpg 1 217 42 132 88
0006_0156_0015_0373_0249.jpg 1 156 15 373 249
0007_0044_0093_0217_0144.jpg 1 44 93 217 144
0008_0047_0142_0317_0211.jpg 1 47 142 317 211
0009_0375_0278_0096_0064.jpg 1 375 278 96 64
0010_0320_0027_0208_0139.jpg 1 320 27 208 139
0001_0179_0027_0275_0183.jpg 1 179 27 275 183
0002_0296_0216_0150_0100.jpg 1 296 216 150 100
0003_0164_0292_0057_0038.jpg 1 164 292 57 38
0004_0075_0069_0292_0195.jpg 1 75 69 292 195
0005_0116_0111_0224_0149.jpg 1 116 111 224 149
0006_0264_0128_0189_0126.jpg 1 264 128 189 126
0007_0373_0121_0042_0028.jpg 1 373 121 42 28
0008_0090_0116_0348_0232.jpg 1 90 116 348 232
0009_0175_0026_0224_0149.jpg 1 175 26 224 149
0010_0043_0134_0364_0242.jpg 1 43 134 364 242
0001_0136_0031_0404_0269.jpg 1 136 31 404 269
0002_0148_0092_0390_0260.jpg 1 148 92 390 260
0003_0089_0078_0241_0160.jpg 1 89 78 241 160
0004_0038_0035_0400_0267.jpg 1 38 35 400 267
0005_0186_0180_0248_0165.jpg 1 186 180 248 165
0006_0193_0203_0103_0068.jpg 1 193 203 103 68
0007_0153_0062_0266_0177.jpg 1 153 62 266 177
0008_0241_0053_0191_0127.jpg 1 241 53 191 127
0009_0088_0240_0067_0045.jpg 1 88 240 67 45
0010_0502_0104_0063_0042.jpg 1 502 104 63 42
0001_0384_0256_0173_0115.jpg 1 384 256 173 115
0002_0082_0059_0215_0143.jpg 1 82 59 215 143
0003_0242_0335_0041_0027.jpg 1 242 335 41 27
0004_0055_0055_0268_0179.jpg 1 55 55 268 179
0005_0107_0053_0384_0256.jpg 1 107 53 384 256
0006_0063_0099_0204_0136.jpg 1 63 99 204 136
0007_0064_0227_0069_0046.jpg 1 64 227 69 46
0008_0175_0079_0379_0252.jpg 1 175 79 379 252
0009_0079_0150_0319_0212.jpg 1 79 150 319 212
0010_0224_0162_0285_0190.jpg 1 224 162 285 190
0001_0201_0062_0336_0224.jpg 1 201 62 336 224
0002_0236_0146_0234_0156.jpg 1 236 146 234 156
0003_0066_0061_0229_0152.jpg 1 66 61 229 152
0004_0289_0111_0317_0211.jpg 1 289 111 317 211
0005_0098_0059_0284_0189.jpg 1 98 59 284 189
0006_0065_0180_0230_0153.jpg 1 65 180 230 153
0007_0228_0038_0304_0203.jpg 1 228 38 304 203
0008_0060_0221_0223_0149.jpg 1 60 221 223 149
0009_0230_0132_0247_0165.jpg 1 230 132 247 165
0010_0081_0027_0418_0279.jpg 1 81 27 418 279
0001_0270_0201_0104_0069.jpg 1 270 201 104 69
0002_0067_0130_0255_0170.jpg 1 67 130 255 170
0003_0139_0203_0221_0147.jpg 1 139 203 221 147
0004_0126_0083_0369_0246.jpg 1 126 83 369 246
0005_0080_0063_0192_0128.jpg 1 80 63 192 128
0006_0141_0279_0075_0050.jpg 1 141 279 75 50
0007_0072_0211_0192_0128.jpg 1 72 211 192 128
0008_0047_0114_0399_0266.jpg 1 47 114 399 266
0009_0459_0219_0113_0075.jpg 1 459 219 113 75
0010_0062_0033_0118_0079.jpg 1 62 33 118 79
0001_0277_0103_0266_0177.jpg 1 277 103 266 177
0002_0318_0184_0075_0050.jpg 1 318 184 75 50
0003_0384_0143_0207_0138.jpg 1 384 143 207 138
0004_0093_0110_0410_0273.jpg 1 93 110 410 273
0005_0458_0042_0077_0051.jpg 1 458 42 77 51
0006_0228_0160_0268_0178.jpg 1 228 160 268 178
0007_0282_0074_0176_0117.jpg 1 282 74 176 117
0008_0174_0105_0352_0235.jpg 1 174 105 352 235
0009_0238_0093_0288_0192.jpg 1 238 93 288 192
0010_0225_0091_0377_0251.jpg 1 225 91 377 251
0001_0113_0271_0034_0023.jpg 1 113 271 34 23
0002_0086_0167_0097_0065.jpg 1 86 167 97 65
0003_0062_0094_0401_0267.jpg 1 62 94 401 267
0004_0218_0297_0074_0049.jpg 1 218 297 74 49
0005_0176_0014_0400_0266.jpg 1 176 14 400 266
0006_0102_0073_0349_0233.jpg 1 102 73 349 233
0007_0063_0093_0337_0224.jpg 1 63 93 337 224
0008_0083_0278_0067_0045.jpg 1 83 278 67 45
0009_0102_0080_0381_0254.jpg 1 102 80 381 254
0010_0169_0227_0067_0045.jpg 1 169 227 67 45
0001_0075_0068_0362_0241.jpg 1 75 68 362 241
0002_0044_0146_0337_0224.jpg 1 44 146 337 224
0003_0152_0032_0386_0257.jpg 1 152 32 386 257
0004_0330_0100_0180_0120.jpg 1 330 100 180 120
0005_0050_0102_0220_0147.jpg 1 50 102 220 147
0006_0298_0050_0047_0031.jpg 1 298 50 47 31
0007_0242_0073_0320_0213.jpg 1 242 73 320 213
0008_0063_0069_0408_0272.jpg 1 63 69 408 272
0009_0273_0120_0228_0152.jpg 1 273 120 228 152
0010_0332_0231_0197_0131.jpg 1 332 231 197 131
0001_0058_0215_0129_0086.jpg 1 58 215 129 86
0002_0260_0235_0158_0105.jpg 1 260 235 158 105
0003_0355_0220_0176_0117.jpg 1 355 220 176 117
0004_0170_0272_0027_0018.jpg 1 170 272 27 18
0005_0126_0143_0315_0210.jpg 1 126 143 315 210
0006_0189_0125_0275_0183.jpg 1 189 125 275 183
0007_0025_0123_0391_0261.jpg 1 25 123 391 261
0008_0247_0107_0364_0243.jpg 1 247 107 364 243
0009_0373_0166_0032_0021.jpg 1 373 166 32 21
0010_0470_0272_0081_0054.jpg 1 470 272 81 54
0001_0193_0183_0093_0062.jpg 1 193 183 93 62
0002_0140_0115_0374_0249.jpg 1 140 115 374 249
0003_0058_0153_0164_0109.jpg 1 58 153 164 109
0004_0352_0088_0073_0048.jpg 1 352 88 73 48
0005_0274_0171_0210_0140.jpg 1 274 171 210 140
0006_0064_0181_0093_0062.jpg 1 64 181 93 62
0007_0140_0053_0415_0277.jpg 1 140 53 415 277
0008_0122_0051_0193_0128.jpg 1 122 51 193 128
0009_0234_0084_0338_0225.jpg 1 234 84 338 225
0010_0316_0087_0182_0121.jpg 1 316 87 182 121
0001_0228_0182_0260_0173.jpg 1 228 182 260 173
0002_0032_0098_0401_0267.jpg 1 32 98 401 267
0003_0150_0204_0168_0112.jpg 1 150 204 168 112
0004_0188_0044_0346_0231.jpg 1 188 44 346 231
0005_0111_0208_0167_0111.jpg 1 111 208 167 111
0006_0162_0101_0236_0157.jpg 1 162 101 236 157
0007_0169_0124_0308_0205.jpg 1 169 124 308 205
0008_0354_0169_0180_0120.jpg 1 354 169 180 120
0009_0344_0080_0213_0142.jpg 1 344 80 213 142
0010_0293_0112_0277_0185.jpg 1 293 112 277 185
0001_0269_0097_0024_0016.jpg 1 269 97 24 16
0002_0048_0178_0217_0145.jpg 1 48 178 217 145
0003_0134_0074_0346_0231.jpg 1 134 74 346 231
0004_0252_0046_0179_0119.jpg 1 252 46 179 119
0005_0167_0135_0232_0155.jpg 1 167 135 232 155
0006_0114_0166_0195_0130.jpg 1 114 166 195 130
0007_0326_0170_0213_0142.jpg 1 326 170 213 142
0008_0125_0044_0348_0232.jpg 1 125 44 348 232
0009_0199_0043_0372_0248.jpg 1 199 43 372 248
0010_0338_0302_0030_0020.jpg 1 338 302 30 20
0001_0097_0102_0170_0113.jpg 1 97 102 170 113
0002_0345_0202_0155_0103.jpg 1 345 202 155 103
0003_0222_0073_0371_0247.jpg 1 222 73 371 247
0004_0274_0078_0166_0111.jpg 1 274 78 166 111
0005_0062_0169_0204_0136.jpg 1 62 169 204 136
0006_0260_0242_0102_0068.jpg 1 260 242 102 68
0007_0212_0182_0189_0126.jpg 1 212 182 189 126
0008_0221_0067_0340_0226.jpg 1 221 67 340 226
0009_0404_0034_0105_0070.jpg 1 404 34 105 70
0010_0203_0029_0371_0247.jpg 1 203 29 371 247
0001_0227_0066_0138_0092.jpg 1 227 66 138 92
0002_0187_0038_0377_0251.jpg 1 187 38 377 251
0003_0057_0039_0368_0245.jpg 1 57 39 368 245
0004_0108_0251_0031_0021.jpg 1 108 251 31 21
0005_0451_0082_0135_0090.jpg 1 451 82 135 90
0006_0294_0036_0197_0131.jpg 1 294 36 197 131
0007_0034_0097_0393_0262.jpg 1 34 97 393 262
0008_0183_0123_0170_0113.jpg 1 183 123 170 113
0009_0261_0062_0278_0185.jpg 1 261 62 278 185
0010_0326_0040_0258_0172.jpg 1 326 40 258 172
0001_0154_0288_0100_0066.jpg 1 154 288 100 66
0002_0129_0165_0192_0128.jpg 1 129 165 192 128
0003_0218_0063_0347_0231.jpg 1 218 63 347 231
0004_0511_0050_0055_0037.jpg 1 511 50 55 37
0005_0169_0066_0381_0254.jpg 1 169 66 381 254
0006_0288_0126_0313_0208.jpg 1 288 126 313 208
0007_0068_0078_0405_0270.jpg 1 68 78 405 270
0008_0052_0046_0357_0238.jpg 1 52 46 357 238
0009_0427_0093_0111_0074.jpg 1 427 93 111 74
0010_0129_0093_0248_0165.jpg 1 129 93 248 165
0001_0304_0114_0066_0044.jpg 1 304 114 66 44
0002_0121_0148_0215_0143.jpg 1 121 148 215 143
0003_0259_0164_0143_0095.jpg 1 259 164 143 95
0004_0150_0099_0312_0208.jpg 1 150 99 312 208
0005_0306_0277_0106_0071.jpg 1 306 277 106 71
0006_0152_0054_0390_0260.jpg 1 152 54 390 260
0007_0127_0141_0168_0112.jpg 1 127 141 168 112
0008_0486_0154_0083_0055.jpg 1 486 154 83 55
0009_0336_0183_0242_0161.jpg 1 336 183 242 161
0010_0379_0074_0215_0143.jpg 1 379 74 215 143
0001_0317_0043_0228_0152.jpg 1 317 43 228 152
0002_0167_0054_0034_0023.jpg 1 167 54 34 23
0003_0347_0090_0130_0087.jpg 1 347 90 130 87
0004_0228_0140_0355_0237.jpg 1 228 140 355 237
0005_0185_0205_0198_0132.jpg 1 185 205 198 132
0006_0136_0046_0411_0274.jpg 1 136 46 411 274
0007_0083_0109_0411_0274.jpg 1 83 109 411 274
0008_0296_0222_0162_0108.jpg 1 296 222 162 108
0009_0135_0128_0056_0037.jpg 1 135 128 56 37
0010_0313_0153_0081_0054.jpg 1 313 153 81 54
0001_0096_0118_0196_0130.jpg 1 96 118 196 130
0002_0161_0044_0060_0040.jpg 1 161 44 60 40
0003_0235_0271_0133_0088.jpg 1 235 271 133 88
0004_0484_0324_0035_0023.jpg 1 484 324 35 23
0005_0224_0064_0354_0236.jpg 1 224 64 354 236
0006_0212_0048_0154_0102.jpg 1 212 48 154 102
0007_0076_0105_0277_0184.jpg 1 76 105 277 184
0008_0162_0170_0052_0035.jpg 1 162 170 52 35
0009_0215_0024_0264_0176.jpg 1 215 24 264 176
0010_0331_0233_0173_0115.jpg 1 331 233 173 115
0001_0128_0046_0358_0239.jpg 1 128 46 358 239
0002_0149_0307_0077_0051.jpg 1 149 307 77 51
0003_0072_0115_0316_0210.jpg 1 72 115 316 210
0004_0275_0172_0270_0180.jpg 1 275 172 270 180
0005_0093_0169_0229_0152.jpg 1 93 169 229 152
0006_0123_0019_0329_0219.jpg 1 123 19 329 219
0007_0248_0199_0237_0158.jpg 1 248 199 237 158
0008_0071_0089_0186_0124.jpg 1 71 89 186 124
0009_0039_0163_0260_0173.jpg 1 39 163 260 173
0010_0175_0132_0341_0227.jpg 1 175 132 341 227
0001_0297_0136_0093_0062.jpg 1 297 136 93 62
0002_0134_0135_0120_0080.jpg 1 134 135 120 80
0003_0057_0105_0303_0202.jpg 1 57 105 303 202
0004_0317_0088_0184_0123.jpg 1 317 88 184 123
0005_0318_0141_0262_0174.jpg 1 318 141 262 174
0006_0080_0157_0259_0173.jpg 1 80 157 259 173
0007_0165_0093_0297_0198.jpg 1 165 93 297 198
0008_0290_0268_0099_0066.jpg 1 290 268 99 66
0009_0052_0103_0249_0166.jpg 1 52 103 249 166
0010_0345_0031_0148_0099.jpg 1 345 31 148 99
0001_0148_0060_0257_0171.jpg 1 148 60 257 171
0002_0126_0120_0142_0095.jpg 1 126 120 142 95
0003_0116_0059_0299_0199.jpg 1 116 59 299 199
0004_0265_0068_0244_0162.jpg 1 265 68 244 162
0005_0342_0165_0187_0124.jpg 1 342 165 187 124
0006_0368_0242_0139_0092.jpg 1 368 242 139 92
0007_0340_0065_0246_0164.jpg 1 340 65 246 164
0008_0224_0069_0374_0249.jpg 1 224 69 374 249
0009_0067_0179_0263_0175.jpg 1 67 179 263 175
0010_0199_0249_0063_0042.jpg 1 199 249 63 42
0001_0387_0198_0024_0016.jpg 1 387 198 24 16
0002_0181_0121_0360_0240.jpg 1 181 121 360 240
0003_0179_0093_0288_0192.jpg 1 179 93 288 192
0004_0220_0049_0291_0194.jpg 1 220 49 291 194
0005_0128_0048_0086_0057.jpg 1 128 48 86 57
0006_0102_0066_0365_0243.jpg 1 102 66 365 243
0007_0130_0122_0109_0073.jpg 1 130 122 109 73
0008_0384_0209_0105_0070.jpg 1 384 209 105 70
0009_0126_0109_0414_0276.jpg 1 126 109 414 276
0010_0267_0105_0291_0194.jpg 1 267 105 291 194
0001_0119_0053_0385_0257.jpg 1 119 53 385 257
0002_0061_0047_0380_0253.jpg 1 61 47 380 253
0003_0150_0207_0082_0054.jpg 1 150 207 82 54
0004_0291_0176_0144_0096.jpg 1 291 176 144 96
0005_0128_0121_0387_0258.jpg 1 128 121 387 258
0006_0364_0108_0198_0132.jpg 1 364 108 198 132
0007_0135_0129_0356_0237.jpg 1 135 129 356 237
0008_0078_0110_0372_0248.jpg 1 78 110 372 248
0009_0106_0040_0218_0145.jpg 1 106 40 218 145
0010_0466_0209_0025_0016.jpg 1 466 209 25 16
0001_0346_0068_0154_0103.jpg 1 346 68 154 103
0002_0150_0091_0403_0268.jpg 1 150 91 403 268
0003_0309_0165_0275_0183.jpg 1 309 165 275 183
0004_0041_0073_0401_0267.jpg 1 41 73 401 267
0005_0441_0275_0111_0074.jpg 1 441 275 111 74
0006_0060_0117_0271_0180.jpg 1 60 117 271 180
0007_0288_0136_0306_0204.jpg 1 288 136 306 204
0008_0063_0115_0277_0184.jpg 1 63 115 277 184
0009_0198_0131_0329_0219.jpg 1 198 131 329 219
0010_0343_0044_0194_0129.jpg 1 343 44 194 129
0001_0080_0156_0119_0079.jpg 1 80 156 119 79
0002_0138_0253_0027_0018.jpg 1 138 253 27 18
0003_0350_0042_0069_0046.jpg 1 350 42 69 46
0004_0204_0024_0257_0171.jpg 1 204 24 257 171
0005_0071_0047_0418_0278.jpg 1 71 47 418 278
0006_0121_0180_0120_0080.jpg 1 121 180 120 80
0007_0148_0105_0195_0130.jpg 1 148 105 195 130
0008_0145_0132_0035_0023.jpg 1 145 132 35 23
0009_0194_0119_0301_0201.jpg 1 194 119 301 201
0010_0335_0211_0041_0027.jpg 1 335 211 41 27
0001_0138_0218_0049_0032.jpg 1 138 218 49 32
0002_0228_0042_0262_0175.jpg 1 228 42 262 175
0003_0078_0153_0045_0030.jpg 1 78 153 45 30
0004_0126_0064_0346_0230.jpg 1 126 64 346 230
0005_0197_0079_0402_0268.jpg 1 197 79 402 268
0006_0188_0153_0343_0229.jpg 1 188 153 343 229
0007_0106_0125_0037_0024.jpg 1 106 125 37 24
0008_0196_0053_0288_0192.jpg 1 196 53 288 192
0009_0383_0122_0163_0108.jpg 1 383 122 163 108
0010_0231_0034_0184_0123.jpg 1 231 34 184 123
0001_0375_0220_0215_0143.jpg 1 375 220 215 143
0002_0215_0118_0288_0192.jpg 1 215 118 288 192
0003_0128_0046_0245_0163.jpg 1 128 46 245 163
0004_0098_0096_0417_0278.jpg 1 98 96 417 278
0005_0392_0198_0155_0103.jpg 1 392 198 155 103
0006_0265_0266_0086_0057.jpg 1 265 266 86 57
0007_0247_0092_0326_0217.jpg 1 247 92 326 217
0008_0192_0119_0281_0187.jpg 1 192 119 281 187
0009_0276_0181_0238_0158.jpg 1 276 181 238 158
0010_0369_0027_0222_0148.jpg 1 369 27 222 148
0001_0084_0105_0377_0251.jpg 1 84 105 377 251
0002_0318_0174_0107_0071.jpg 1 318 174 107 71
0003_0290_0128_0033_0022.jpg 1 290 128 33 22
0004_0295_0072_0260_0173.jpg 1 295 72 260 173
0005_0384_0057_0041_0027.jpg 1 384 57 41 27
0006_0159_0147_0281_0187.jpg 1 159 147 281 187
0007_0232_0251_0112_0075.jpg 1 232 251 112 75
0008_0231_0079_0228_0152.jpg 1 231 79 228 152
0009_0031_0070_0388_0259.jpg 1 31 70 388 259
0010_0187_0157_0223_0149.jpg 1 187 157 223 149
0001_0049_0028_0343_0228.jpg 1 49 28 343 228
0002_0098_0157_0129_0086.jpg 1 98 157 129 86
0003_0154_0038_0026_0017.jpg 1 154 38 26 17
0004_0183_0091_0118_0078.jpg 1 183 91 118 78
0005_0071_0154_0155_0103.jpg 1 71 154 155 103
0006_0071_0116_0142_0094.jpg 1 71 116 142 94
0007_0216_0068_0033_0022.jpg 1 216 68 33 22
0008_0408_0118_0068_0045.jpg 1 408 118 68 45
0009_0074_0116_0353_0235.jpg 1 74 116 353 235
0010_0193_0129_0074_0049.jpg 1 193 129 74 49
0001_0426_0137_0109_0072.jpg 1 426 137 109 72
0002_0285_0261_0146_0097.jpg 1 285 261 146 97
0003_0173_0167_0211_0140.jpg 1 173 167 211 140
0004_0330_0180_0160_0106.jpg 1 330 180 160 106
0005_0466_0152_0044_0029.jpg 1 466 152 44 29
0006_0055_0091_0145_0097.jpg 1 55 91 145 97
0007_0337_0212_0230_0153.jpg 1 337 212 230 153
0008_0467_0040_0040_0026.jpg 1 467 40 40 26
0009_0294_0268_0148_0098.jpg 1 294 268 148 98
0010_0041_0032_0334_0223.jpg 1 41 32 334 223
0001_0366_0237_0076_0051.jpg 1 366 237 76 51
0002_0271_0239_0171_0114.jpg 1 271 239 171 114
0003_0043_0053_0408_0272.jpg 1 43 53 408 272
0004_0175_0076_0029_0019.jpg 1 175 76 29 19
0005_0156_0119_0180_0120.jpg 1 156 119 180 120
0006_0124_0208_0248_0165.jpg 1 124 208 248 165
0007_0091_0177_0038_0025.jpg 1 91 177 38 25
0008_0058_0037_0248_0165.jpg 1 58 37 248 165
0009_0195_0286_0065_0043.jpg 1 195 286 65 43
0010_0207_0183_0120_0080.jpg 1 207 183 120 80
0001_0078_0051_0403_0268.jpg 1 78 51 403 268
0002_0070_0095_0210_0140.jpg 1 70 95 210 140
0003_0053_0197_0190_0126.jpg 1 53 197 190 126
0004_0105_0284_0124_0083.jpg 1 105 284 124 83
0005_0235_0043_0375_0250.jpg 1 235 43 375 250
0006_0207_0173_0106_0070.jpg 1 207 173 106 70
0007_0151_0103_0348_0232.jpg 1 151 103 348 232
0008_0176_0296_0071_0047.jpg 1 176 296 71 47
0009_0250_0189_0281_0187.jpg 1 250 189 281 187
0010_0324_0146_0198_0132.jpg 1 324 146 198 132
0001_0156_0099_0371_0247.jpg 1 156 99 371 247
0002_0068_0084_0235_0156.jpg 1 68 84 235 156
0003_0078_0014_0388_0258.jpg 1 78 14 388 258
0004_0151_0070_0393_0262.jpg 1 151 70 393 262
0005_0272_0139_0324_0216.jpg 1 272 139 324 216
0006_0247_0190_0241_0160.jpg 1 247 190 241 160
0007_0124_0088_0235_0156.jpg 1 124 88 235 156
0008_0145_0252_0052_0034.jpg 1 145 252 52 34
0009_0158_0130_0328_0218.jpg 1 158 130 328 218
0010_0161_0114_0365_0243.jpg 1 161 114 365 243
0001_0250_0017_0333_0222.jpg 1 250 17 333 222
0002_0057_0164_0249_0166.jpg 1 57 164 249 166
0003_0121_0035_0369_0246.jpg 1 121 35 369 246
0004_0049_0100_0226_0151.jpg 1 49 100 226 151
0005_0106_0155_0190_0127.jpg 1 106 155 190 127
0006_0395_0153_0192_0128.jpg 1 395 153 192 128
0007_0187_0066_0313_0209.jpg 1 187 66 313 209
0008_0144_0209_0161_0107.jpg 1 144 209 161 107
0009_0096_0042_0372_0248.jpg 1 96 42 372 248
0010_0130_0041_0325_0217.jpg 1 130 41 325 217
0001_0355_0119_0103_0068.jpg 1 355 119 103 68
0002_0201_0147_0274_0182.jpg 1 201 147 274 182
0003_0064_0062_0368_0245.jpg 1 64 62 368 245
0004_0067_0133_0094_0062.jpg 1 67 133 94 62
0005_0063_0110_0324_0216.jpg 1 63 110 324 216
0006_0157_0127_0096_0064.jpg 1 157 127 96 64
0007_0148_0257_0129_0086.jpg 1 148 257 129 86
0008_0104_0058_0403_0269.jpg 1 104 58 403 269
0009_0223_0040_0382_0255.jpg 1 223 40 382 255
0010_0381_0081_0116_0077.jpg 1 381 81 116 77
0001_0058_0076_0067_0045.jpg 1 58 76 67 45
0002_0293_0081_0094_0063.jpg 1 293 81 94 63
0003_0188_0162_0158_0105.jpg 1 188 162 158 105
0004_0233_0223_0138_0092.jpg 1 233 223 138 92
0005_0100_0110_0415_0276.jpg 1 100 110 415 276
0006_0094_0062_0304_0202.jpg 1 94 62 304 202
0007_0121_0058_0336_0224.jpg 1 121 58 336 224
0008_0142_0042_0395_0263.jpg 1 142 42 395 263
0009_0085_0250_0025_0017.jpg 1 85 250 25 17
0010_0408_0150_0092_0061.jpg 1 408 150 92 61
0001_0303_0114_0230_0153.jpg 1 303 114 230 153
0002_0173_0116_0310_0206.jpg 1 173 116 310 206
0003_0164_0119_0340_0227.jpg 1 164 119 340 227
0004_0189_0071_0174_0116.jpg 1 189 71 174 116
0005_0374_0266_0092_0061.jpg 1 374 266 92 61
0006_0127_0089_0085_0056.jpg 1 127 89 85 56
0007_0133_0130_0300_0200.jpg 1 133 130 300 200
0008_0225_0038_0137_0091.jpg 1 225 38 137 91
0009_0198_0096_0217_0145.jpg 1 198 96 217 145
0010_0395_0243_0031_0021.jpg 1 395 243 31 21
0001_0396_0170_0162_0108.jpg 1 396 170 162 108
0002_0250_0043_0156_0104.jpg 1 250 43 156 104
0003_0453_0069_0135_0090.jpg 1 453 69 135 90
0004_0260_0040_0299_0199.jpg 1 260 40 299 199
0005_0060_0225_0150_0100.jpg 1 60 225 150 100
0006_0194_0199_0261_0174.jpg 1 194 199 261 174
0007_0174_0181_0241_0161.jpg 1 174 181 241 161
0008_0117_0119_0372_0248.jpg 1 117 119 372 248
0009_0232_0163_0196_0131.jpg 1 232 163 196 131
0010_0198_0019_0348_0232.jpg 1 198 19 348 232
0001_0137_0137_0126_0084.jpg 1 137 137 126 84
0002_0027_0016_0371_0247.jpg 1 27 16 371 247
0003_0209_0068_0317_0211.jpg 1 209 68 317 211
0004_0089_0092_0336_0224.jpg 1 89 92 336 224
0005_0454_0088_0029_0019.jpg 1 454 88 29 19
0006_0174_0184_0246_0164.jpg 1 174 184 246 164
0007_0191_0024_0406_0270.jpg 1 191 24 406 270
0008_0256_0173_0289_0193.jpg 1 256 173 289 193
0009_0071_0168_0092_0061.jpg 1 71 168 92 61
0010_0148_0056_0415_0276.jpg 1 148 56 415 276
0001_0038_0060_0291_0194.jpg 1 38 60 291 194
0002_0123_0120_0394_0263.jpg 1 123 120 394 263
0003_0434_0041_0116_0077.jpg 1 434 41 116 77
0004_0303_0241_0198_0132.jpg 1 303 241 198 132
0005_0334_0187_0151_0100.jpg 1 334 187 151 100
0006_0315_0041_0122_0081.jpg 1 315 41 122 81
0007_0214_0039_0160_0107.jpg 1 214 39 160 107
0008_0291_0197_0204_0136.jpg 1 291 197 204 136
0009_0109_0325_0044_0029.jpg 1 109 325 44 29
0010_0250_0087_0311_0207.jpg 1 250 87 311 207
0001_0135_0034_0257_0171.jpg 1 135 34 257 171
0002_0379_0217_0218_0145.jpg 1 379 217 218 145
0003_0198_0134_0310_0206.jpg 1 198 134 310 206
0004_0099_0107_0260_0173.jpg 1 99 107 260 173
0005_0070_0128_0280_0186.jpg 1 70 128 280 186
0006_0169_0028_0410_0273.jpg 1 169 28 410 273
0007_0434_0109_0133_0088.jpg 1 434 109 133 88
0008_0212_0152_0316_0210.jpg 1 212 152 316 210
0009_0443_0289_0100_0066.jpg 1 443 289 100 66
0010_0224_0286_0071_0047.jpg 1 224 286 71 47
0001_0131_0048_0419_0279.jpg 1 131 48 419 279
0002_0359_0198_0235_0156.jpg 1 359 198 235 156
0003_0123_0090_0293_0195.jpg 1 123 90 293 195
0004_0322_0270_0099_0066.jpg 1 322 270 99 66
0005_0117_0016_0359_0239.jpg 1 117 16 359 239
0006_0290_0044_0207_0138.jpg 1 290 44 207 138
0007_0263_0116_0328_0219.jpg 1 263 116 328 219
0008_0094_0044_0111_0074.jpg 1 94 44 111 74
0009_0078_0135_0150_0100.jpg 1 78 135 150 100
0010_0178_0059_0417_0278.jpg 1 178 59 417 278
0001_0110_0094_0384_0256.jpg 1 110 94 384 256
0002_0509_0280_0056_0037.jpg 1 509 280 56 37
0003_0285_0062_0084_0056.jpg 1 285 62 84 56
0004_0162_0126_0341_0227.jpg 1 162 126 341 227
0005_0108_0092_0247_0164.jpg 1 108 92 247 164
0006_0161_0013_0401_0267.jpg 1 161 13 401 267
0007_0297_0059_0109_0072.jpg 1 297 59 109 72
0008_0397_0315_0054_0036.jpg 1 397 315 54 36
0009_0432_0171_0135_0090.jpg 1 432 171 135 90
0010_0100_0121_0376_0250.jpg 1 100 121 376 250
0001_0168_0070_0315_0210.jpg 1 168 70 315 210
0002_0466_0104_0097_0065.jpg 1 466 104 97 65
0003_0255_0175_0069_0046.jpg 1 255 175 69 46
0004_0277_0236_0053_0035.jpg 1 277 236 53 35
0005_0315_0063_0271_0180.jpg 1 315 63 271 180
0006_0142_0114_0309_0206.jpg 1 142 114 309 206
0007_0173_0268_0111_0074.jpg 1 173 268 111 74
0008_0200_0048_0221_0147.jpg 1 200 48 221 147
0009_0222_0124_0195_0130.jpg 1 222 124 195 130
0010_0271_0065_0288_0192.jpg 1 271 65 288 192
0001_0424_0079_0084_0056.jpg 1 424 79 84 56
0002_0447_0091_0121_0081.jpg 1 447 91 121 81
0003_0362_0096_0068_0045.jpg 1 362 96 68 45
0004_0452_0077_0121_0080.jpg 1 452 77 121 80
0005_0176_0081_0212_0141.jpg 1 176 81 212 141
0006_0097_0199_0223_0149.jpg 1 97 199 223 149
0007_0430_0140_0140_0093.jpg 1 430 140 140 93
0008_0158_0229_0078_0052.jpg 1 158 229 78 52
0009_0091_0111_0387_0258.jpg 1 91 111 387 258
0010_0141_0106_0385_0256.jpg 1 141 106 385 256
0001_0238_0114_0250_0167.jpg 1 238 114 250 167
0002_0229_0079_0146_0097.jpg 1 229 79 146 97
0003_0471_0300_0067_0045.jpg 1 471 300 67 45
0004_0121_0091_0385_0257.jpg 1 121 91 385 257
0005_0184_0225_0150_0100.jpg 1 184 225 150 100
0006_0225_0069_0133_0088.jpg 1 225 69 133 88
0007_0050_0085_0366_0244.jpg 1 50 85 366 244
0008_0130_0069_0348_0232.jpg 1 130 69 348 232
0009_0323_0150_0053_0035.jpg 1 323 150 53 35
0010_0107_0189_0257_0171.jpg 1 107 189 257 171
0001_0193_0043_0411_0274.jpg 1 193 43 411 274
0002_0405_0181_0161_0107.jpg 1 405 181 161 107
0003_0064_0041_0246_0164.jpg 1 64 41 246 164
0004_0087_0017_0415_0277.jpg 1 87 17 415 277
0005_0037_0074_0410_0273.jpg 1 37 74 410 273
0006_0173_0151_0087_0058.jpg 1 173 151 87 58
0007_0316_0048_0265_0176.jpg 1 316 48 265 176
0008_0155_0105_0321_0214.jpg 1 155 105 321 214
0009_0244_0048_0054_0036.jpg 1 244 48 54 36
0010_0352_0260_0143_0095.jpg 1 352 260 143 95
0001_0076_0029_0378_0252.jpg 1 76 29 378 252
0002_0386_0163_0184_0122.jpg 1 386 163 184 122
0003_0445_0275_0044_0029.jpg 1 445 275 44 29
0004_0216_0041_0078_0052.jpg 1 216 41 78 52
0005_0255_0059_0133_0088.jpg 1 255 59 133 88
0006_0245_0033_0357_0238.jpg 1 245 33 357 238
0007_0520_0074_0024_0016.jpg 1 520 74 24 16
0008_0215_0036_0062_0041.jpg 1 215 36 62 41
0009_0464_0175_0065_0043.jpg 1 464 175 65 43
0010_0232_0117_0350_0233.jpg 1 232 117 350 233
0001_0264_0260_0146_0097.jpg 1 264 260 146 97
0002_0365_0043_0206_0137.jpg 1 365 43 206 137
0003_0071_0041_0040_0026.jpg 1 71 41 40 26
0004_0227_0086_0339_0226.jpg 1 227 86 339 226
0005_0466_0203_0066_0044.jpg 1 466 203 66 44
0006_0347_0109_0056_0037.jpg 1 347 109 56 37
0007_0200_0209_0204_0136.jpg 1 200 209 204 136
0008_0100_0018_0382_0255.jpg 1 100 18 382 255
0009_0167_0266_0125_0083.jpg 1 167 266 125 83
0010_0068_0137_0285_0190.jpg 1 68 137 285 190
0001_0122_0198_0076_0050.jpg 1 122 198 76 50
0002_0487_0329_0046_0030.jpg 1 487 329 46 30
0003_0099_0100_0414_0276.jpg 1 99 100 414 276
0004_0399_0141_0034_0023.jpg 1 399 141 34 23
0005_0053_0092_0253_0168.jpg 1 53 92 253 168
0006_0347_0089_0088_0059.jpg 1 347 89 88 59
0007_0438_0289_0061_0040.jpg 1 438 289 61 40
0008_0145_0124_0274_0183.jpg 1 145 124 274 183
0009_0262_0116_0271_0181.jpg 1 262 116 271 181
0010_0333_0174_0239_0159.jpg 1 333 174 239 159
0001_0343_0102_0241_0160.jpg 1 343 102 241 160
0002_0305_0191_0268_0178.jpg 1 305 191 268 178
0003_0141_0021_0412_0274.jpg 1 141 21 412 274
0004_0353_0117_0098_0065.jpg 1 353 117 98 65
0005_0404_0108_0183_0122.jpg 1 404 108 183 122
0006_0111_0123_0370_0247.jpg 1 111 123 370 247
0007_0512_0135_0026_0017.jpg 1 512 135 26 17
0008_0367_0031_0203_0135.jpg 1 367 31 203 135
0009_0224_0058_0234_0156.jpg 1 224 58 234 156
0010_0405_0199_0151_0101.jpg 1 405 199 151 101
0001_0071_0036_0402_0268.jpg 1 71 36 402 268
0002_0223_0283_0086_0057.jpg 1 223 283 86 57
0003_0187_0042_0396_0264.jpg 1 187 42 396 264
0004_0288_0084_0137_0091.jpg 1 288 84 137 91
0005_0108_0059_0265_0176.jpg 1 108 59 265 176
0006_0089_0106_0367_0244.jpg 1 89 106 367 244
0007_0355_0029_0206_0137.jpg 1 355 29 206 137
0008_0402_0264_0126_0084.jpg 1 402 264 126 84
0009_0389_0251_0088_0059.jpg 1 389 251 88 59
0010_0107_0197_0250_0166.jpg 1 107 197 250 166
0001_0147_0021_0370_0246.jpg 1 147 21 370 246
0002_0268_0156_0308_0205.jpg 1 268 156 308 205
0003_0247_0239_0197_0131.jpg 1 247 239 197 131
0004_0043_0036_0401_0267.jpg 1 43 36 401 267
0005_0112_0081_0203_0135.jpg 1 112 81 203 135
0006_0080_0044_0081_0054.jpg 1 80 44 81 54
0007_0219_0054_0242_0161.jpg 1 219 54 242 161
0008_0069_0161_0220_0147.jpg 1 69 161 220 147
0009_0061_0117_0199_0133.jpg 1 61 117 199 133
0010_0319_0093_0026_0017.jpg 1 319 93 26 17
0001_0194_0121_0137_0091.jpg 1 194 121 137 91
0002_0406_0114_0130_0086.jpg 1 406 114 130 86
0003_0184_0092_0384_0256.jpg 1 184 92 384 256
0004_0051_0142_0250_0167.jpg 1 51 142 250 167
0005_0041_0125_0299_0199.jpg 1 41 125 299 199
0006_0088_0169_0101_0067.jpg 1 88 169 101 67
0007_0400_0079_0078_0052.jpg 1 400 79 78 52
0008_0146_0056_0273_0182.jpg 1 146 56 273 182
0009_0183_0083_0179_0119.jpg 1 183 83 179 119
0010_0086_0046_0101_0067.jpg 1 86 46 101 67
0001_0337_0081_0101_0067.jpg 1 337 81 101 67
0002_0231_0055_0345_0230.jpg 1 231 55 345 230
0003_0128_0059_0370_0247.jpg 1 128 59 370 247
0004_0477_0185_0093_0062.jpg 1 477 185 93 62
0005_0091_0075_0385_0256.jpg 1 91 75 385 256
0006_0177_0168_0305_0203.jpg 1 177 168 305 203
0007_0272_0115_0286_0190.jpg 1 272 115 286 190
0008_0476_0168_0082_0055.jpg 1 476 168 82 55
0009_0289_0121_0255_0170.jpg 1 289 121 255 170
0010_0151_0068_0324_0216.jpg 1 151 68 324 216
0001_0175_0112_0265_0176.jpg 1 175 112 265 176
0002_0213_0046_0366_0244.jpg 1 213 46 366 244
0003_0116_0042_0165_0110.jpg 1 116 42 165 110
0004_0246_0085_0347_0231.jpg 1 246 85 347 231
0005_0087_0176_0300_0200.jpg 1 87 176 300 200
0006_0296_0150_0164_0109.jpg 1 296 150 164 109
0007_0123_0082_0197_0131.jpg 1 123 82 197 131
0008_0069_0171_0286_0191.jpg 1 69 171 286 191
0009_0136_0038_0337_0225.jpg 1 136 38 337 225
0010_0154_0103_0397_0265.jpg 1 154 103 397 265
0001_0245_0057_0195_0130.jpg 1 245 57 195 130
0002_0179_0029_0406_0271.jpg 1 179 29 406 271
0003_0170_0077_0345_0230.jpg 1 170 77 345 230
0004_0142_0190_0249_0166.jpg 1 142 190 249 166
0005_0220_0248_0111_0074.jpg 1 220 248 111 74
0006_0129_0138_0242_0161.jpg 1 129 138 242 161
0007_0354_0146_0152_0101.jpg 1 354 146 152 101
0008_0251_0110_0178_0118.jpg 1 251 110 178 118
0009_0454_0049_0070_0047.jpg 1 454 49 70 47
0010_0045_0030_0264_0176.jpg 1 45 30 264 176
0001_0110_0139_0358_0239.jpg 1 110 139 358 239
0002_0146_0047_0227_0151.jpg 1 146 47 227 151
0003_0103_0107_0332_0221.jpg 1 103 107 332 221
0004_0170_0252_0094_0062.jpg 1 170 252 94 62
0005_0164_0091_0395_0263.jpg 1 164 91 395 263
0006_0284_0129_0244_0162.jpg 1 284 129 244 162
0007_0203_0136_0154_0103.jpg 1 203 136 154 103
0008_0102_0094_0181_0120.jpg 1 102 94 181 120
0009_0092_0030_0368_0245.jpg 1 92 30 368 245
0010_0335_0190_0206_0137.jpg 1 335 190 206 137
0001_0074_0132_0325_0217.jpg 1 74 132 325 217
0002_0208_0206_0052_0035.jpg 1 208 206 52 35
0003_0263_0115_0132_0088.jpg 1 263 115 132 88
0004_0147_0098_0158_0105.jpg 1 147 98 158 105
0005_0313_0212_0130_0087.jpg 1 313 212 130 87
0006_0246_0096_0143_0095.jpg 1 246 96 143 95
0007_0435_0250_0153_0102.jpg 1 435 250 153 102
0008_0323_0196_0177_0118.jpg 1 323 196 177 118
0009_0432_0253_0054_0036.jpg 1 432 253 54 36
0010_0229_0222_0096_0064.jpg 1 229 222 96 64
0001_0481_0197_0093_0062.jpg 1 481 197 93 62
0002_0424_0047_0074_0049.jpg 1 424 47 74 49
0003_0218_0097_0324_0216.jpg 1 218 97 324 216
0004_0288_0180_0214_0142.jpg 1 288 180 214 142
0005_0204_0152_0246_0164.jpg 1 204 152 246 164
0006_0258_0209_0207_0138.jpg 1 258 209 207 138
0007_0458_0221_0081_0054.jpg 1 458 221 81 54
0008_0369_0175_0223_0149.jpg 1 369 175 223 149
0009_0122_0061_0416_0277.jpg 1 122 61 416 277
0010_0266_0082_0327_0218.jpg 1 266 82 327 218
0001_0187_0303_0060_0040.jpg 1 187 303 60 40
0002_0119_0022_0294_0196.jpg 1 119 22 294 196
0003_0447_0094_0122_0081.jpg 1 447 94 122 81
0004_0238_0144_0276_0184.jpg 1 238 144 276 184
0005_0118_0093_0372_0248.jpg 1 118 93 372 248
0006_0410_0304_0088_0058.jpg 1 410 304 88 58
0007_0517_0331_0029_0019.jpg 1 517 331 29 19
0008_0251_0140_0093_0062.jpg 1 251 140 93 62
0009_0059_0026_0418_0278.jpg 1 59 26 418 278
0010_0057_0045_0256_0170.jpg 1 57 45 256 170
0001_0347_0113_0025_0017.jpg 1 347 113 25 17
0002_0109_0166_0314_0209.jpg 1 109 166 314 209
0003_0331_0274_0112_0074.jpg 1 331 274 112 74
0004_0317_0065_0124_0083.jpg 1 317 65 124 83
0005_0267_0120_0266_0177.jpg 1 267 120 266 177
0006_0202_0297_0102_0068.jpg 1 202 297 102 68
0007_0234_0030_0255_0170.jpg 1 234 30 255 170
0008_0077_0090_0352_0234.jpg 1 77 90 352 234
0009_0175_0145_0253_0169.jpg 1 175 145 253 169
0010_0303_0051_0294_0196.jpg 1 303 51 294 196
0001_0071_0134_0351_0234.jpg 1 71 134 351 234
0002_0153_0239_0155_0103.jpg 1 153 239 155 103
0003_0192_0072_0291_0194.jpg 1 192 72 291 194
0004_0049_0025_0225_0150.jpg 1 49 25 225 150
0005_0164_0170_0276_0184.jpg 1 164 170 276 184
0006_0208_0248_0177_0118.jpg 1 208 248 177 118
0007_0105_0045_0187_0125.jpg 1 105 45 187 125
0008_0054_0042_0360_0240.jpg 1 54 42 360 240
0009_0352_0056_0163_0109.jpg 1 352 56 163 109
0010_0177_0083_0263_0175.jpg 1 177 83 263 175
0001_0254_0084_0119_0079.jpg 1 254 84 119 79
0002_0330_0218_0176_0117.jpg 1 330 218 176 117
0003_0180_0173_0084_0056.jpg 1 180 173 84 56
0004_0279_0300_0076_0050.jpg 1 279 300 76 50
0005_0164_0212_0177_0118.jpg 1 164 212 177 118
0006_0121_0073_0409_0272.jpg 1 121 73 409 272
0007_0267_0137_0069_0046.jpg 1 267 137 69 46
0008_0069_0203_0151_0101.jpg 1 69 203 151 101
0009_0301_0143_0283_0188.jpg 1 301 143 283 188
0010_0279_0084_0292_0195.jpg 1 279 84 292 195
0001_0184_0179_0084_0056.jpg 1 184 179 84 56
0002_0074_0101_0395_0263.jpg 1 74 101 395 263
0003_0276_0232_0078_0052.jpg 1 276 232 78 52
0004_0263_0076_0333_0222.jpg 1 263 76 333 222
0005_0082_0142_0301_0200.jpg 1 82 142 301 200
0006_0216_0046_0290_0193.jpg 1 216 46 290 193
0007_0175_0028_0214_0143.jpg 1 175 28 214 143
0008_0182_0144_0203_0135.jpg 1 182 144 203 135
0009_0212_0042_0396_0264.jpg 1 212 42 396 264
0010_0241_0024_0333_0222.jpg 1 241 24 333 222
0001_0069_0089_0250_0166.jpg 1 69 89 250 166
0002_0157_0038_0418_0279.jpg 1 157 38 418 279
0003_0382_0295_0076_0050.jpg 1 382 295 76 50
0004_0201_0113_0200_0133.jpg 1 201 113 200 133
0005_0117_0130_0040_0026.jpg 1 117 130 40 26
0006_0193_0112_0399_0266.jpg 1 193 112 399 266
0007_0040_0131_0248_0165.jpg 1 40 131 248 165
0008_0082_0207_0082_0055.jpg 1 82 207 82 55
0009_0145_0199_0047_0031.jpg 1 145 199 47 31
0010_0175_0130_0317_0211.jpg 1 175 130 317 211
0001_0178_0060_0215_0143.jpg 1 178 60 215 143
0002_0418_0254_0043_0029.jpg 1 418 254 43 29
0003_0254_0070_0068_0045.jpg 1 254 70 68 45
0004_0246_0280_0055_0037.jpg 1 246 280 55 37
0005_0261_0048_0345_0230.jpg 1 261 48 345 230
0006_0527_0320_0043_0029.jpg 1 527 320 43 29
0007_0122_0048_0317_0211.jpg 1 122 48 317 211
0008_0086_0224_0203_0135.jpg 1 86 224 203 135
0009_0231_0138_0171_0114.jpg 1 231 138 171 114
0010_0284_0146_0319_0212.jpg 1 284 146 319 212
0001_0303_0136_0178_0119.jpg 1 303 136 178 119
0002_0398_0087_0058_0039.jpg 1 398 87 58 39
0003_0113_0121_0049_0032.jpg 1 113 121 49 32
0004_0190_0235_0084_0056.jpg 1 190 235 84 56
0005_0065_0018_0406_0270.jpg 1 65 18 406 270
0006_0184_0099_0395_0263.jpg 1 184 99 395 263
0007_0139_0152_0035_0023.jpg 1 139 152 35 23
0008_0131_0115_0036_0024.jpg 1 131 115 36 24
0009_0122_0060_0312_0208.jpg 1 122 60 312 208
0010_0247_0098_0289_0193.jpg 1 247 98 289 193
0001_0113_0038_0307_0205.jpg 1 113 38 307 205
0002_0092_0035_0297_0198.jpg 1 92 35 297 198
0003_0215_0060_0230_0153.jpg 1 215 60 230 153
0004_0120_0164_0188_0125.jpg 1 120 164 188 125
0005_0520_0318_0027_0018.jpg 1 520 318 27 18
0006_0481_0271_0093_0062.jpg 1 481 271 93 62
0007_0141_0054_0216_0144.jpg 1 141 54 216 144
0008_0188_0052_0368_0245.jpg 1 188 52 368 245
0009_0060_0077_0313_0208.jpg 1 60 77 313 208
0010_0107_0146_0273_0182.jpg 1 107 146 273 182
0001_0104_0159_0076_0051.jpg 1 104 159 76 51
0002_0085_0028_0320_0213.jpg 1 85 28 320 213
0003_0290_0103_0227_0151.jpg 1 290 103 227 151
0004_0147_0209_0055_0036.jpg 1 147 209 55 36
0005_0377_0243_0158_0105.jpg 1 377 243 158 105
0006_0164_0077_0385_0257.jpg 1 164 77 385 257
0007_0352_0033_0200_0133.jpg 1 352 33 200 133
0008_0395_0188_0121_0080.jpg 1 395 188 121 80
0009_0301_0257_0083_0055.jpg 1 301 257 83 55
0010_0179_0156_0317_0211.jpg 1 179 156 317 211
0001_0255_0264_0040_0027.jpg 1 255 264 40 27
0002_0128_0034_0140_0093.jpg 1 128 34 140 93
0003_0105_0069_0411_0274.jpg 1 105 69 411 274
0004_0107_0035_0094_0062.jpg 1 107 35 94 62
0005_0090_0078_0238_0158.jpg 1 90 78 238 158
0006_0284_0136_0177_0118.jpg 1 284 136 177 118
0007_0218_0126_0379_0252.jpg 1 218 126 379 252
0008_0117_0178_0283_0188.jpg 1 117 178 283 188
0009_0355_0064_0109_0073.jpg 1 355 64 109 73
0010_0214_0184_0110_0073.jpg 1 214 184 110 73
0001_0063_0021_0402_0268.jpg 1 63 21 402 268
0002_0069_0076_0358_0239.jpg 1 69 76 358 239
0003_0270_0186_0205_0136.jpg 1 270 186 205 136
0004_0045_0145_0343_0228.jpg 1 45 145 343 228
0005_0252_0073_0142_0094.jpg 1 252 73 142 94
0006_0158_0114_0405_0270.jpg 1 158 114 405 270
0007_0280_0124_0226_0150.jpg 1 280 124 226 150
0008_0145_0175_0155_0103.jpg 1 145 175 155 103
0009_0231_0137_0327_0218.jpg 1 231 137 327 218
0010_0187_0230_0108_0072.jpg 1 187 230 108 72
0001_0030_0065_0370_0246.jpg 1 30 65 370 246
0002_0065_0124_0382_0255.jpg 1 65 124 382 255
0003_0098_0117_0402_0268.jpg 1 98 117 402 268
0004_0240_0119_0212_0141.jpg 1 240 119 212 141
0005_0260_0105_0086_0057.jpg 1 260 105 86 57
0006_0241_0232_0138_0092.jpg 1 241 232 138 92
0007_0427_0210_0111_0074.jpg 1 427 210 111 74
0008_0040_0068_0342_0228.jpg 1 40 68 342 228
0009_0180_0220_0198_0132.jpg 1 180 220 198 132
0010_0293_0178_0295_0197.jpg 1 293 178 295 197
0001_0156_0097_0292_0195.jpg 1 156 97 292 195
0002_0173_0032_0349_0232.jpg 1 173 32 349 232
0003_0276_0040_0140_0093.jpg 1 276 40 140 93
0004_0112_0216_0235_0157.jpg 1 112 216 235 157
0005_0112_0111_0347_0231.jpg 1 112 111 347 231
0006_0225_0136_0293_0195.jpg 1 225 136 293 195
0007_0048_0216_0188_0125.jpg 1 48 216 188 125
0008_0108_0054_0406_0270.jpg 1 108 54 406 270
0009_0079_0093_0350_0233.jpg 1 79 93 350 233
0010_0271_0048_0173_0115.jpg 1 271 48 173 115
0001_0402_0120_0061_0040.jpg 1 402 120 61 40
0002_0091_0162_0174_0116.jpg 1 91 162 174 116
0003_0167_0095_0137_0091.jpg 1 167 95 137 91
0004_0223_0096_0302_0201.jpg 1 223 96 302 201
0005_0170_0230_0092_0061.jpg 1 170 230 92 61
0006_0093_0053_0412_0275.jpg 1 93 53 412 275
0007_0077_0078_0226_0151.jpg 1 77 78 226 151
0008_0134_0239_0061_0040.jpg 1 134 239 61 40
0009_0202_0190_0275_0183.jpg 1 202 190 275 183
0010_0195_0099_0412_0274.jpg 1 195 99 412 274
0001_0056_0047_0224_0149.jpg 1 56 47 224 149
0002_0046_0074_0390_0260.jpg 1 46 74 390 260
0003_0461_0270_0124_0082.jpg 1 461 270 124 82
0004_0063_0071_0342_0228.jpg 1 63 71 342 228
0005_0045_0028_0370_0247.jpg 1 45 28 370 247
0006_0174_0211_0206_0137.jpg 1 174 211 206 137
0007_0059_0088_0412_0275.jpg 1 59 88 412 275
0008_0146_0237_0049_0032.jpg 1 146 237 49 32
0009_0348_0157_0176_0117.jpg 1 348 157 176 117
0010_0109_0069_0393_0262.jpg 1 109 69 393 262
0001_0350_0231_0188_0125.jpg 1 350 231 188 125
0002_0247_0233_0209_0139.jpg 1 247 233 209 139
0003_0345_0195_0109_0073.jpg 1 345 195 109 73
0004_0039_0051_0382_0255.jpg 1 39 51 382 255
0005_0465_0176_0059_0039.jpg 1 465 176 59 39
0006_0153_0195_0211_0140.jpg 1 153 195 211 140
0007_0182_0237_0026_0017.jpg 1 182 237 26 17
0008_0102_0100_0257_0171.jpg 1 102 100 257 171
0009_0387_0254_0056_0037.jpg 1 387 254 56 37
0010_0143_0144_0205_0137.jpg 1 143 144 205 137
0001_0448_0178_0120_0080.jpg 1 448 178 120 80
0002_0064_0193_0253_0169.jpg 1 64 193 253 169
0003_0322_0041_0099_0066.jpg 1 322 41 99 66
0004_0269_0228_0104_0069.jpg 1 269 228 104 69
0005_0212_0087_0300_0200.jpg 1 212 87 300 200
0006_0169_0023_0356_0237.jpg 1 169 23 356 237
0007_0208_0128_0310_0206.jpg 1 208 128 310 206
0008_0098_0074_0399_0266.jpg 1 98 74 399 266
0009_0115_0203_0078_0052.jpg 1 115 203 78 52
0010_0224_0182_0248_0165.jpg 1 224 182 248 165
0001_0108_0087_0284_0189.jpg 1 108 87 284 189
0002_0057_0175_0275_0183.jpg 1 57 175 275 183
0003_0198_0095_0094_0063.jpg 1 198 95 94 63
0004_0131_0102_0362_0241.jpg 1 131 102 362 241
0005_0081_0145_0025_0016.jpg 1 81 145 25 16
0006_0133_0146_0223_0148.jpg 1 133 146 223 148
0007_0090_0102_0220_0147.jpg 1 90 102 220 147
0008_0130_0144_0185_0123.jpg 1 130 144 185 123
0009_0305_0091_0298_0198.jpg 1 305 91 298 198
0010_0202_0217_0230_0153.jpg 1 202 217 230 153
0001_0320_0243_0051_0034.jpg 1 320 243 51 34
0002_0190_0157_0293_0195.jpg 1 190 157 293 195
0003_0294_0148_0080_0053.jpg 1 294 148 80 53
0004_0101_0024_0400_0266.jpg 1 101 24 400 266
0005_0418_0230_0104_0069.jpg 1 418 230 104 69
0006_0065_0070_0415_0276.jpg 1 65 70 415 276
0007_0143_0049_0419_0279.jpg 1 143 49 419 279
0008_0151_0061_0406_0271.jpg 1 151 61 406 271
0009_0149_0146_0067_0044.jpg 1 149 146 67 44
0010_0061_0140_0297_0198.jpg 1 61 140 297 198
0001_0088_0015_0413_0275.jpg 1 88 15 413 275
0002_0076_0109_0117_0078.jpg 1 76 109 117 78
0003_0397_0208_0074_0049.jpg 1 397 208 74 49
0004_0305_0127_0259_0172.jpg 1 305 127 259 172
0005_0429_0109_0024_0016.jpg 1 429 109 24 16
0006_0222_0236_0091_0060.jpg 1 222 236 91 60
0007_0278_0078_0174_0116.jpg 1 278 78 174 116
0008_0462_0062_0115_0077.jpg 1 462 62 115 77
0009_0054_0124_0363_0242.jpg 1 54 124 363 242
0010_0037_0049_0395_0263.jpg 1 37 49 395 263
0001_0059_0056_0378_0252.jpg 1 59 56 378 252
0002_0163_0124_0334_0223.jpg 1 163 124 334 223
0003_0325_0077_0262_0174.jpg 1 325 77 262 174
0004_0116_0019_0308_0205.jpg 1 116 19 308 205
0005_0287_0190_0124_0082.jpg 1 287 190 124 82
0006_0138_0125_0318_0212.jpg 1 138 125 318 212
0007_0328_0066_0220_0146.jpg 1 328 66 220 146
0008_0176_0166_0180_0120.jpg 1 176 166 180 120
0009_0295_0078_0145_0097.jpg 1 295 78 145 97
0010_0496_0143_0046_0031.jpg 1 496 143 46 31
0001_0233_0192_0145_0097.jpg 1 233 192 145 97
0002_0256_0081_0157_0104.jpg 1 256 81 157 104
0003_0244_0024_0254_0169.jpg 1 244 24 254 169
0004_0151_0252_0165_0110.jpg 1 151 252 165 110
0005_0180_0040_0239_0159.jpg 1 180 40 239 159
0006_0232_0206_0187_0124.jpg 1 232 206 187 124
0007_0194_0071_0354_0236.jpg 1 194 71 354 236
0008_0326_0194_0040_0026.jpg 1 326 194 40 26
0009_0133_0133_0313_0209.jpg 1 133 133 313 209
0010_0325_0265_0035_0023.jpg 1 325 265 35 23
0001_0103_0172_0309_0206.jpg 1 103 172 309 206
0002_0056_0067_0177_0118.jpg 1 56 67 177 118
0003_0471_0093_0048_0032.jpg 1 471 93 48 32
0004_0290_0105_0214_0142.jpg 1 290 105 214 142
0005_0102_0086_0336_0224.jpg 1 102 86 336 224
0006_0040_0046_0404_0269.jpg 1 40 46 404 269
0007_0225_0030_0188_0125.jpg 1 225 30 188 125
0008_0240_0239_0101_0067.jpg 1 240 239 101 67
0009_0211_0017_0349_0232.jpg 1 211 17 349 232
0010_0209_0075_0305_0203.jpg 1 209 75 305 203
0001_0392_0051_0032_0021.jpg 1 392 51 32 21
0002_0138_0065_0338_0225.jpg 1 138 65 338 225
0003_0032_0044_0371_0247.jpg 1 32 44 371 247
0004_0470_0316_0025_0016.jpg 1 470 316 25 16
0005_0152_0060_0376_0250.jpg 1 152 60 376 250
0006_0062_0030_0322_0214.jpg 1 62 30 322 214
0007_0179_0055_0393_0262.jpg 1 179 55 393 262
0008_0065_0021_0417_0278.jpg 1 65 21 417 278
0009_0077_0180_0172_0114.jpg 1 77 180 172 114
0010_0224_0134_0190_0126.jpg 1 224 134 190 126
0001_0218_0106_0197_0131.jpg 1 218 106 197 131
0002_0410_0218_0164_0109.jpg 1 410 218 164 109
0003_0143_0246_0174_0116.jpg 1 143 246 174 116
0004_0127_0086_0294_0196.jpg 1 127 86 294 196
0005_0073_0138_0125_0083.jpg 1 73 138 125 83
0006_0483_0285_0051_0034.jpg 1 483 285 51 34
0007_0042_0204_0246_0164.jpg 1 42 204 246 164
0008_0066_0135_0313_0209.jpg 1 66 135 313 209
0009_0391_0269_0036_0024.jpg 1 391 269 36 24
0010_0300_0128_0214_0142.jpg 1 300 128 214 142
0001_0158_0190_0162_0108.jpg 1 158 190 162 108
0002_0388_0087_0183_0122.jpg 1 388 87 183 122
0003_0243_0034_0360_0240.jpg 1 243 34 360 240
0004_0358_0233_0140_0093.jpg 1 358 233 140 93
0005_0338_0089_0216_0144.jpg 1 338 89 216 144
0006_0245_0127_0063_0042.jpg 1 245 127 63 42
0007_0086_0187_0268_0179.jpg 1 86 187 268 179
0008_0177_0085_0150_0100.jpg 1 177 85 150 100
0009_0166_0126_0184_0123.jpg 1 166 126 184 123
0010_0041_0126_0230_0153.jpg 1 41 126 230 153
0001_0100_0050_0258_0172.jpg 1 100 50 258 172
0002_0495_0082_0049_0033.jpg 1 495 82 49 33
0003_0055_0120_0341_0227.jpg 1 55 120 341 227
0004_0339_0083_0109_0073.jpg 1 339 83 109 73
0005_0144_0040_0361_0240.jpg 1 144 40 361 240
0006_0198_0078_0047_0031.jpg 1 198 78 47 31
0007_0163_0065_0235_0157.jpg 1 163 65 235 157
0008_0269_0120_0069_0046.jpg 1 269 120 69 46
0009_0313_0158_0273_0182.jpg 1 313 158 273 182
0010_0331_0200_0168_0112.jpg 1 331 200 168 112
0001_0209_0120_0224_0149.jpg 1 209 120 224 149
0002_0473_0208_0070_0047.jpg 1 473 208 70 47
0003_0381_0264_0135_0090.jpg 1 381 264 135 90
0004_0289_0061_0162_0108.jpg 1 289 61 162 108
0005_0460_0069_0073_0048.jpg 1 460 69 73 48
0006_0282_0053_0292_0194.jpg 1 282 53 292 194
0007_0088_0148_0324_0216.jpg 1 88 148 324 216
0008_0053_0055_0238_0159.jpg 1 53 55 238 159
0009_0422_0237_0098_0065.jpg 1 422 237 98 65
0010_0055_0130_0143_0095.jpg 1 55 130 143 95
0001_0087_0104_0388_0258.jpg 1 87 104 388 258
0002_0290_0116_0289_0193.jpg 1 290 116 289 193
0003_0064_0067_0129_0086.jpg 1 64 67 129 86
0004_0243_0045_0218_0145.jpg 1 243 45 218 145
0005_0080_0023_0385_0257.jpg 1 80 23 385 257
0006_0052_0220_0156_0104.jpg 1 52 220 156 104
0007_0231_0047_0251_0167.jpg 1 231 47 251 167
0008_0250_0130_0282_0188.jpg 1 250 130 282 188
0009_0088_0168_0061_0041.jpg 1 88 168 61 41
0010_0230_0152_0165_0110.jpg 1 230 152 165 110
0001_0149_0240_0085_0056.jpg 1 149 240 85 56
0002_0233_0077_0347_0231.jpg 1 233 77 347 231
0003_0073_0054_0294_0196.jpg 1 73 54 294 196
0004_0208_0119_0160_0106.jpg 1 208 119 160 106
0005_0393_0254_0080_0053.jpg 1 393 254 80 53
0006_0343_0121_0030_0020.jpg 1 343 121 30 20
0007_0303_0068_0187_0124.jpg 1 303 68 187 124
0008_0324_0103_0118_0078.jpg 1 324 103 118 78
0009_0199_0149_0339_0226.jpg 1 199 149 339 226
0010_0099_0055_0219_0146.jpg 1 99 55 219 146
0001_0045_0131_0251_0167.jpg 1 45 131 251 167
0002_0373_0124_0176_0117.jpg 1 373 124 176 117
0003_0435_0284_0101_0067.jpg 1 435 284 101 67
0004_0511_0306_0042_0028.jpg 1 511 306 42 28
0005_0282_0191_0242_0161.jpg 1 282 191 242 161
0006_0121_0030_0383_0255.jpg 1 121 30 383 255
0007_0073_0176_0298_0198.jpg 1 73 176 298 198
0008_0428_0249_0133_0089.jpg 1 428 249 133 89
0009_0049_0199_0257_0171.jpg 1 49 199 257 171
0010_0087_0065_0396_0264.jpg 1 87 65 396 264
