0001_0180_0126_0044_0044.jpg 1 180 126 44 44
0002_0235_0093_0194_0194.jpg 1 235 93 194 194
0003_0307_0234_0078_0078.jpg 1 307 234 78 78
0004_0170_0109_0223_0223.jpg 1 170 109 223 223
0005_0386_0116_0062_0062.jpg 1 386 116 62 62
0006_0212_0031_0196_0196.jpg 1 212 31 196 196
0007_0340_0091_0108_0108.jpg 1 340 91 108 108
0008_0066_0046_0255_0255.jpg 1 66 46 255 255
0009_0260_0056_0135_0135.jpg 1 260 56 135 135
0010_0113_0027_0198_0198.jpg 1 113 27 198 198
0011_0183_0065_0177_0177.jpg 1 183 65 177 177
0012_0335_0063_0040_0040.jpg 1 335 63 40 40
0013_0218_0120_0175_0175.jpg 1 218 120 175 175
0014_0059_0163_0073_0073.jpg 1 59 163 73 73
0001_0243_0274_0084_0084.jpg 1 243 274 84 84
0002_0205_0280_0040_0040.jpg 1 205 280 40 40
0003_0387_0183_0064_0064.jpg 1 387 183 64 64
0004_0102_0098_0240_0240.jpg 1 102 98 240 240
0005_0320_0067_0268_0268.jpg 1 320 67 268 268
0006_0150_0023_0222_0222.jpg 1 150 23 222 222
0007_0185_0071_0236_0236.jpg 1 185 71 236 236
0008_0207_0160_0210_0210.jpg 1 207 160 210 210
0009_0217_0120_0224_0224.jpg 1 217 120 224 224
0010_0190_0129_0155_0155.jpg 1 190 129 155 155
0011_0392_0203_0066_0066.jpg 1 392 203 66 66
0012_0233_0059_0133_0133.jpg 1 233 59 133 133
0013_0248_0065_0250_0250.jpg 1 248 65 250 250
0001_0262_0067_0167_0167.jpg 1 262 67 167 167
0002_0240_0065_0146_0146.jpg 1 240 65 146 146
0003_0446_0163_0046_0046.jpg 1 446 163 46 46
0004_0117_0268_0040_0040.jpg 1 117 268 40 40
0005_0438_0129_0090_0090.jpg 1 438 129 90 90
0006_0357_0066_0237_0237.jpg 1 357 66 237 237
0007_0333_0082_0051_0051.jpg 1 333 82 51 51
0008_0178_0067_0106_0106.jpg 1 178 67 106 106
0009_0036_0103_0273_0273.jpg 1 36 103 273 273
0010_0225_0071_0161_0161.jpg 1 225 71 161 161
0011_0221_0075_0260_0260.jpg 1 221 75 260 260
0012_0067_0281_0060_0060.jpg 1 67 281 60 60
0013_0242_0193_0043_0043.jpg 1 242 193 43 43
0001_0372_0143_0088_0088.jpg 1 372 143 88 88
0002_0251_0263_0068_0068.jpg 1 251 263 68 68
0003_0384_0078_0199_0199.jpg 1 384 78 199 199
0004_0445_0185_0126_0126.jpg 1 445 185 126 126
0005_0169_0172_0167_0167.jpg 1 169 172 167 167
0006_0331_0054_0120_0120.jpg 1 331 54 120 120
0007_0117_0095_0279_0279.jpg 1 117 95 279 279
0008_0140_0083_0250_0250.jpg 1 140 83 250 250
0009_0081_0079_0226_0226.jpg 1 81 79 226 226
0010_0260_0194_0141_0141.jpg 1 260 194 141 141
0011_0059_0018_0257_0257.jpg 1 59 18 257 257
0012_0329_0268_0080_0080.jpg 1 329 268 80 80
0013_0155_0114_0171_0171.jpg 1 155 114 171 171
0014_0297_0147_0182_0182.jpg 1 297 147 182 182
0001_0344_0183_0072_0072.jpg 1 344 183 72 72
0002_0235_0046_0229_0229.jpg 1 235 46 229 229
0003_0226_0129_0242_0242.jpg 1 226 129 242 242
0004_0134_0146_0111_0111.jpg 1 134 146 111 111
0005_0361_0217_0080_0080.jpg 1 361 217 80 80
0006_0425_0060_0093_0093.jpg 1 425 60 93 93
0007_0168_0043_0167_0167.jpg 1 168 43 167 167
0008_0283_0159_0042_0042.jpg 1 283 159 42 42
0009_0400_0239_0040_0040.jpg 1 400 239 40 40
0010_0229_0081_0229_0229.jpg 1 229 81 229 229
0011_0166_0097_0270_0270.jpg 1 166 97 270 270
0012_0132_0039_0064_0064.jpg 1 132 39 64 64
0013_0380_0099_0173_0173.jpg 1 380 99 173 173
0014_0308_0077_0253_0253.jpg 1 308 77 253 253
0001_0188_0033_0139_0139.jpg 1 188 33 139 139
0002_0308_0138_0173_0173.jpg 1 308 138 173 173
0003_0470_0219_0115_0115.jpg 1 470 219 115 115
0004_0162_0075_0248_0248.jpg 1 162 75 248 248
0005_0175_0138_0101_0101.jpg 1 175 138 101 101
0006_0346_0147_0162_0162.jpg 1 346 147 162 162
0007_0218_0069_0028_0028.jpg 1 218 69 28 28
0008_0471_0246_0066_0066.jpg 1 471 246 66 66
0009_0278_0049_0261_0261.jpg 1 278 49 261 261
0010_0205_0028_0217_0217.jpg 1 205 28 217 217
0011_0238_0152_0078_0078.jpg 1 238 152 78 78
0012_0320_0161_0117_0117.jpg 1 320 161 117 117
0013_0192_0084_0238_0238.jpg 1 192 84 238 238
0014_0117_0171_0169_0169.jpg 1 117 171 169 169
0001_0474_0101_0044_0044.jpg 1 474 101 44 44
0002_0349_0238_0049_0049.jpg 1 349 238 49 49
0003_0077_0069_0187_0187.jpg 1 77 69 187 187
0004_0378_0172_0195_0195.jpg 1 378 172 195 195
0005_0290_0094_0269_0269.jpg 1 290 94 269 269
0006_0066_0050_0178_0178.jpg 1 66 50 178 178
0007_0177_0030_0180_0180.jpg 1 177 30 180 180
0008_0510_0230_0064_0064.jpg 1 510 230 64 64
0009_0255_0076_0256_0256.jpg 1 255 76 256 256
0010_0137_0102_0157_0157.jpg 1 137 102 157 157
0011_0075_0028_0194_0194.jpg 1 75 28 194 194
0012_0314_0089_0177_0177.jpg 1 314 89 177 177
0013_0349_0045_0126_0126.jpg 1 349 45 126 126
0014_0401_0182_0185_0185.jpg 1 401 182 185 185
0001_0241_0095_0211_0211.jpg 1 241 95 211 211
0002_0230_0093_0228_0228.jpg 1 230 93 228 228
0003_0260_0197_0034_0034.jpg 1 260 197 34 34
0004_0393_0080_0066_0066.jpg 1 393 80 66 66
0005_0105_0057_0274_0274.jpg 1 105 57 274 274
0006_0159_0079_0137_0137.jpg 1 159 79 137 137
0007_0223_0132_0091_0091.jpg 1 223 132 91 91
0008_0239_0073_0248_0248.jpg 1 239 73 248 248
0009_0082_0106_0182_0182.jpg 1 82 106 182 182
0010_0404_0035_0163_0163.jpg 1 404 35 163 163
0011_0263_0064_0222_0222.jpg 1 263 64 222 222
0012_0178_0248_0095_0095.jpg 1 178 248 95 95
0013_0228_0227_0117_0117.jpg 1 228 227 117 117
0014_0453_0116_0093_0093.jpg 1 453 116 93 93
0001_0128_0108_0267_0267.jpg 1 128 108 267 267
0002_0044_0118_0222_0222.jpg 1 44 118 222 222
0003_0295_0115_0249_0249.jpg 1 295 115 249 249
0004_0153_0041_0255_0255.jpg 1 153 41 255 255
0005_0267_0210_0156_0156.jpg 1 267 210 156 156
0006_0304_0170_0200_0200.jpg 1 304 170 200 200
0007_0382_0208_0071_0071.jpg 1 382 208 71 71
0008_0438_0051_0141_0141.jpg 1 438 51 141 141
0009_0115_0080_0262_0262.jpg 1 115 80 262 262
0010_0049_0201_0172_0172.jpg 1 49 201 172 172
0011_0183_0175_0160_0160.jpg 1 183 175 160 160
0012_0106_0059_0250_0250.jpg 1 106 59 250 250
0013_0469_0290_0062_0062.jpg 1 469 290 62 62
0014_0416_0117_0073_0073.jpg 1 416 117 73 73
0001_0103_0041_0089_0089.jpg 1 103 41 89 89
0002_0164_0105_0217_0217.jpg 1 164 105 217 217
0003_0364_0144_0224_0224.jpg 1 364 144 224 224
0004_0288_0037_0039_0039.jpg 1 288 37 39 39
0005_0138_0138_0243_0243.jpg 1 138 138 243 243
0006_0212_0253_0065_0065.jpg 1 212 253 65 65
0007_0070_0128_0198_0198.jpg 1 70 128 198 198
0008_0363_0157_0182_0182.jpg 1 363 157 182 182
0009_0144_0049_0256_0256.jpg 1 144 49 256 256
0010_0452_0093_0131_0131.jpg 1 452 93 131 131
0011_0359_0076_0151_0151.jpg 1 359 76 151 151
0012_0121_0048_0220_0220.jpg 1 121 48 220 220
0013_0208_0183_0189_0189.jpg 1 208 183 189 189
0001_0280_0218_0084_0084.jpg 1 280 218 84 84
0002_0113_0133_0201_0201.jpg 1 113 133 201 201
0003_0332_0193_0055_0055.jpg 1 332 193 55 55
0004_0380_0199_0100_0100.jpg 1 380 199 100 100
0005_0212_0131_0165_0165.jpg 1 212 131 165 165
0006_0538_0209_0032_0032.jpg 1 538 209 32 32
0007_0330_0114_0188_0188.jpg 1 330 114 188 188
0008_0072_0173_0150_0150.jpg 1 72 173 150 150
0009_0260_0192_0177_0177.jpg 1 260 192 177 177
0010_0395_0118_0181_0181.jpg 1 395 118 181 181
0011_0082_0093_0147_0147.jpg 1 82 93 147 147
0012_0366_0174_0109_0109.jpg 1 366 174 109 109
0013_0296_0111_0089_0089.jpg 1 296 111 89 89
0014_0090_0158_0081_0081.jpg 1 90 158 81 81
0001_0139_0105_0223_0223.jpg 1 139 105 223 223
0002_0309_0102_0266_0266.jpg 1 309 102 266 266
0003_0340_0074_0128_0128.jpg 1 340 74 128 128
0004_0375_0232_0092_0092.jpg 1 375 232 92 92
0005_0263_0146_0208_0208.jpg 1 263 146 208 208
0006_0131_0061_0260_0260.jpg 1 131 61 260 260
0007_0250_0041_0208_0208.jpg 1 250 41 208 208
0008_0464_0081_0106_0106.jpg 1 464 81 106 106
0009_0326_0066_0197_0197.jpg 1 326 66 197 197
0010_0386_0138_0131_0131.jpg 1 386 138 131 131
0011_0058_0228_0120_0120.jpg 1 58 228 120 120
0012_0167_0076_0117_0117.jpg 1 167 76 117 117
0013_0115_0155_0062_0062.jpg 1 115 155 62 62
0001_0178_0102_0028_0028.jpg 1 178 102 28 28
0002_0215_0030_0256_0256.jpg 1 215 30 256 256
0003_0045_0057_0233_0233.jpg 1 45 57 233 233
0004_0113_0290_0054_0054.jpg 1 113 290 54 54
0005_0346_0105_0228_0228.jpg 1 346 105 228 228
0006_0331_0124_0046_0046.jpg 1 331 124 46 46
0007_0325_0179_0073_0073.jpg 1 325 179 73 73
0008_0431_0109_0095_0095.jpg 1 431 109 95 95
0009_0327_0142_0104_0104.jpg 1 327 142 104 104
0010_0061_0035_0079_0079.jpg 1 61 35 79 79
0011_0243_0195_0116_0116.jpg 1 243 195 116 116
0012_0255_0182_0088_0088.jpg 1 255 182 88 88
0013_0228_0101_0168_0168.jpg 1 228 101 168 168
0014_0408_0178_0153_0153.jpg 1 408 178 153 153
0001_0364_0063_0123_0123.jpg 1 364 63 123 123
0002_0444_0157_0077_0077.jpg 1 444 157 77 77
0003_0089_0194_0155_0155.jpg 1 89 194 155 155
0004_0239_0053_0227_0227.jpg 1 239 53 227 227
0005_0066_0107_0260_0260.jpg 1 66 107 260 260
0006_0414_0154_0115_0115.jpg 1 414 154 115 115
0007_0124_0059_0131_0131.jpg 1 124 59 131 131
0008_0399_0258_0027_0027.jpg 1 399 258 27 27
0009_0313_0075_0148_0148.jpg 1 313 75 148 148
0010_0098_0199_0053_0053.jpg 1 98 199 53 53
0011_0188_0038_0082_0082.jpg 1 188 38 82 82
0012_0066_0246_0070_0070.jpg 1 66 246 70 70
0013_0151_0043_0183_0183.jpg 1 151 43 183 183
0014_0092_0309_0049_0049.jpg 1 92 309 49 49
0001_0040_0109_0278_0278.jpg 1 40 109 278 278
0002_0140_0125_0256_0256.jpg 1 140 125 256 256
0003_0074_0092_0206_0206.jpg 1 74 92 206 206
0004_0135_0048_0264_0264.jpg 1 135 48 264 264
0005_0357_0061_0185_0185.jpg 1 357 61 185 185
0006_0196_0059_0260_0260.jpg 1 196 59 260 260
0007_0458_0156_0071_0071.jpg 1 458 156 71 71
0008_0113_0193_0167_0167.jpg 1 113 193 167 167
0009_0361_0206_0121_0121.jpg 1 361 206 121 121
0010_0360_0254_0084_0084.jpg 1 360 254 84 84
0011_0123_0052_0254_0254.jpg 1 123 52 254 254
0012_0229_0112_0265_0265.jpg 1 229 112 265 265
0013_0375_0256_0027_0027.jpg 1 375 256 27 27
0001_0086_0017_0278_0278.jpg 1 86 17 278 278
0002_0338_0083_0061_0061.jpg 1 338 83 61 61
0003_0339_0193_0180_0180.jpg 1 339 193 180 180
0004_0441_0120_0097_0097.jpg 1 441 120 97 97
0005_0147_0086_0074_0074.jpg 1 147 86 74 74
0006_0330_0223_0068_0068.jpg 1 330 223 68 68
0007_0063_0116_0222_0222.jpg 1 63 116 222 222
0008_0160_0214_0157_0157.jpg 1 160 214 157 157
0009_0081_0088_0254_0254.jpg 1 81 88 254 254
0010_0293_0095_0230_0230.jpg 1 293 95 230 230
0011_0105_0060_0140_0140.jpg 1 105 60 140 140
0012_0213_0075_0219_0219.jpg 1 213 75 219 219
0013_0395_0043_0164_0164.jpg 1 395 43 164 164
0014_0256_0307_0058_0058.jpg 1 256 307 58 58
0001_0322_0144_0239_0239.jpg 1 322 144 239 239
0002_0120_0081_0233_0233.jpg 1 120 81 233 233
0003_0318_0077_0085_0085.jpg 1 318 77 85 85
0004_0206_0088_0235_0235.jpg 1 206 88 235 235
0005_0204_0304_0039_0039.jpg 1 204 304 39 39
0006_0299_0116_0160_0160.jpg 1 299 116 160 160
0007_0093_0167_0072_0072.jpg 1 93 167 72 72
0008_0422_0169_0089_0089.jpg 1 422 169 89 89
0009_0297_0065_0213_0213.jpg 1 297 65 213 213
0010_0194_0110_0238_0238.jpg 1 194 110 238 238
0011_0178_0022_0235_0235.jpg 1 178 22 235 235
0012_0252_0167_0158_0158.jpg 1 252 167 158 158
0013_0387_0220_0064_0064.jpg 1 387 220 64 64
0014_0380_0198_0095_0095.jpg 1 380 198 95 95
0001_0081_0103_0252_0252.jpg 1 81 103 252 252
0002_0302_0116_0223_0223.jpg 1 302 116 223 223
0003_0261_0088_0175_0175.jpg 1 261 88 175 175
0004_0055_0125_0257_0257.jpg 1 55 125 257 257
0005_0217_0171_0182_0182.jpg 1 217 171 182 182
0006_0180_0126_0131_0131.jpg 1 180 126 131 131
0007_0321_0286_0052_0052.jpg 1 321 286 52 52
0008_0447_0266_0076_0076.jpg 1 447 266 76 76
0009_0057_0055_0144_0144.jpg 1 57 55 144 144
0010_0456_0203_0116_0116.jpg 1 456 203 116 116
0011_0319_0024_0201_0201.jpg 1 319 24 201 201
0012_0192_0157_0212_0212.jpg 1 192 157 212 212
0013_0075_0074_0257_0257.jpg 1 75 74 257 257
0001_0088_0093_0168_0168.jpg 1 88 93 168 168
0002_0101_0035_0227_0227.jpg 1 101 35 227 227
0003_0299_0168_0043_0043.jpg 1 299 168 43 43
0004_0109_0039_0166_0166.jpg 1 109 39 166 166
0005_0287_0101_0172_0172.jpg 1 287 101 172 172
0006_0334_0076_0084_0084.jpg 1 334 76 84 84
0007_0384_0083_0161_0161.jpg 1 384 83 161 161
0008_0226_0133_0215_0215.jpg 1 226 133 215 215
0009_0080_0027_0151_0151.jpg 1 80 27 151 151
0010_0160_0018_0273_0273.jpg 1 160 18 273 273
0011_0101_0087_0152_0152.jpg 1 101 87 152 152
0012_0399_0047_0121_0121.jpg 1 399 47 121 121
0013_0076_0114_0265_0265.jpg 1 76 114 265 265
0014_0246_0103_0091_0091.jpg 1 246 103 91 91
0001_0280_0106_0273_0273.jpg 1 280 106 273 273
0002_0313_0054_0208_0208.jpg 1 313 54 208 208
0003_0461_0219_0047_0047.jpg 1 461 219 47 47
0004_0082_0155_0085_0085.jpg 1 82 155 85 85
0005_0065_0116_0093_0093.jpg 1 65 116 93 93
0006_0314_0100_0064_0064.jpg 1 314 100 64 64
0007_0188_0096_0177_0177.jpg 1 188 96 177 177
0008_0087_0077_0206_0206.jpg 1 87 77 206 206
0009_0406_0220_0093_0093.jpg 1 406 220 93 93
0010_0120_0246_0048_0048.jpg 1 120 246 48 48
0011_0112_0112_0154_0154.jpg 1 112 112 154 154
0012_0390_0209_0051_0051.jpg 1 390 209 51 51
0013_0210_0126_0025_0025.jpg 1 210 126 25 25
0001_0076_0169_0201_0201.jpg 1 76 169 201 201
0002_0151_0088_0279_0279.jpg 1 151 88 279 279
0003_0168_0063_0251_0251.jpg 1 168 63 251 251
0004_0336_0193_0126_0126.jpg 1 336 193 126 126
0005_0185_0037_0276_0276.jpg 1 185 37 276 276
0006_0208_0116_0156_0156.jpg 1 208 116 156 156
0007_0176_0111_0252_0252.jpg 1 176 111 252 252
0008_0290_0063_0061_0061.jpg 1 290 63 61 61
0009_0251_0170_0174_0174.jpg 1 251 170 174 174
0010_0108_0056_0200_0200.jpg 1 108 56 200 200
0011_0299_0026_0190_0190.jpg 1 299 26 190 190
0012_0468_0046_0053_0053.jpg 1 468 46 53 53
0013_0169_0288_0079_0079.jpg 1 169 288 79 79
0001_0393_0139_0145_0145.jpg 1 393 139 145 145
0002_0291_0229_0031_0031.jpg 1 291 229 31 31
0003_0072_0076_0041_0041.jpg 1 72 76 41 41
0004_0320_0095_0074_0074.jpg 1 320 95 74 74
0005_0182_0280_0029_0029.jpg 1 182 280 29 29
0006_0293_0120_0130_0130.jpg 1 293 120 130 130
0007_0354_0142_0218_0218.jpg 1 354 142 218 218
0008_0341_0034_0185_0185.jpg 1 341 34 185 185
0009_0340_0133_0120_0120.jpg 1 340 133 120 120
0010_0347_0140_0112_0112.jpg 1 347 140 112 112
0011_0231_0094_0239_0239.jpg 1 231 94 239 239
0012_0190_0082_0200_0200.jpg 1 190 82 200 200
0013_0246_0157_0164_0164.jpg 1 246 157 164 164
0001_0315_0175_0184_0184.jpg 1 315 175 184 184
0002_0100_0033_0274_0274.jpg 1 100 33 274 274
0003_0061_0126_0251_0251.jpg 1 61 126 251 251
0004_0282_0062_0046_0046.jpg 1 282 62 46 46
0005_0226_0106_0206_0206.jpg 1 226 106 206 206
0006_0066_0286_0080_0080.jpg 1 66 286 80 80
0007_0244_0070_0131_0131.jpg 1 244 70 131 131
0008_0480_0295_0044_0044.jpg 1 480 295 44 44
0009_0257_0055_0268_0268.jpg 1 257 55 268 268
0010_0237_0095_0226_0226.jpg 1 237 95 226 226
0011_0202_0095_0229_0229.jpg 1 202 95 229 229
0012_0116_0181_0092_0092.jpg 1 116 181 92 92
0013_0303_0182_0064_0064.jpg 1 303 182 64 64
0014_0067_0029_0194_0194.jpg 1 67 29 194 194
0001_0501_0286_0050_0050.jpg 1 501 286 50 50
0002_0298_0070_0116_0116.jpg 1 298 70 116 116
0003_0181_0170_0111_0111.jpg 1 181 170 111 111
0004_0083_0058_0279_0279.jpg 1 83 58 279 279
0005_0077_0158_0162_0162.jpg 1 77 158 162 162
0006_0250_0077_0151_0151.jpg 1 250 77 151 151
0007_0226_0165_0025_0025.jpg 1 226 165 25 25
0008_0176_0080_0255_0255.jpg 1 176 80 255 255
0009_0266_0095_0111_0111.jpg 1 266 95 111 111
0010_0230_0061_0279_0279.jpg 1 230 61 279 279
0011_0068_0160_0183_0183.jpg 1 68 160 183 183
0012_0238_0127_0103_0103.jpg 1 238 127 103 103
0013_0180_0026_0141_0141.jpg 1 180 26 141 141
0014_0103_0183_0032_0032.jpg 1 103 183 32 32
0001_0294_0264_0100_0100.jpg 1 294 264 100 100
0002_0207_0264_0089_0089.jpg 1 207 264 89 89
0003_0167_0136_0147_0147.jpg 1 167 136 147 147
0004_0062_0067_0128_0128.jpg 1 62 67 128 128
0005_0241_0226_0063_0063.jpg 1 241 226 63 63
0006_0145_0132_0252_0252.jpg 1 145 132 252 252
0007_0369_0039_0146_0146.jpg 1 369 39 146 146
0008_0477_0059_0043_0043.jpg 1 477 59 43 43
0009_0154_0049_0214_0214.jpg 1 154 49 214 214
0010_0319_0128_0228_0228.jpg 1 319 128 228 228
0011_0249_0090_0252_0252.jpg 1 249 90 252 252
0012_0182_0033_0095_0095.jpg 1 182 33 95 95
0013_0380_0147_0155_0155.jpg 1 380 147 155 155
0014_0178_0139_0051_0051.jpg 1 178 139 51 51
0001_0351_0114_0245_0245.jpg 1 351 114 245 245
0002_0322_0117_0252_0252.jpg 1 322 117 252 252
0003_0188_0071_0260_0260.jpg 1 188 71 260 260
0004_0144_0084_0183_0183.jpg 1 144 84 183 183
0005_0159_0214_0132_0132.jpg 1 159 214 132 132
0006_0276_0067_0217_0217.jpg 1 276 67 217 217
0007_0134_0123_0124_0124.jpg 1 134 123 124 124
0008_0158_0237_0077_0077.jpg 1 158 237 77 77
0009_0204_0105_0231_0231.jpg 1 204 105 231 231
0010_0325_0209_0156_0156.jpg 1 325 209 156 156
0011_0407_0139_0103_0103.jpg 1 407 139 103 103
0012_0146_0144_0150_0150.jpg 1 146 144 150 150
0013_0387_0109_0195_0195.jpg 1 387 109 195 195
0001_0244_0059_0245_0245.jpg 1 244 59 245 245
0002_0380_0196_0058_0058.jpg 1 380 196 58 58
0003_0105_0020_0238_0238.jpg 1 105 20 238 238
0004_0379_0111_0152_0152.jpg 1 379 111 152 152
0005_0127_0144_0039_0039.jpg 1 127 144 39 39
0006_0459_0085_0056_0056.jpg 1 459 85 56 56
0007_0109_0095_0070_0070.jpg 1 109 95 70 70
0008_0194_0144_0145_0145.jpg 1 194 144 145 145
0009_0247_0183_0096_0096.jpg 1 247 183 96 96
0010_0270_0061_0235_0235.jpg 1 270 61 235 235
0011_0158_0053_0257_0257.jpg 1 158 53 257 257
0012_0309_0055_0202_0202.jpg 1 309 55 202 202
0013_0257_0058_0236_0236.jpg 1 257 58 236 236
0014_0333_0201_0048_0048.jpg 1 333 201 48 48
0001_0195_0025_0277_0277.jpg 1 195 25 277 277
0002_0288_0261_0077_0077.jpg 1 288 261 77 77
0003_0171_0152_0068_0068.jpg 1 171 152 68 68
0004_0136_0081_0246_0246.jpg 1 136 81 246 246
0005_0204_0100_0234_0234.jpg 1 204 100 234 234
0006_0494_0159_0043_0043.jpg 1 494 159 43 43
0007_0129_0056_0054_0054.jpg 1 129 56 54 54
0008_0137_0106_0276_0276.jpg 1 137 106 276 276
0009_0080_0093_0258_0258.jpg 1 80 93 258 258
0010_0390_0194_0073_0073.jpg 1 390 194 73 73
0011_0240_0074_0136_0136.jpg 1 240 74 136 136
0012_0291_0142_0240_0240.jpg 1 291 142 240 240
0013_0244_0207_0149_0149.jpg 1 244 207 149 149
0014_0393_0057_0084_0084.jpg 1 393 57 84 84
0001_0201_0109_0212_0212.jpg 1 201 109 212 212
0002_0467_0202_0120_0120.jpg 1 467 202 120 120
0003_0189_0032_0186_0186.jpg 1 189 32 186 186
0004_0146_0246_0105_0105.jpg 1 146 246 105 105
0005_0133_0165_0087_0087.jpg 1 133 165 87 87
0006_0179_0155_0188_0188.jpg 1 179 155 188 188
0007_0239_0161_0207_0207.jpg 1 239 161 207 207
0008_0212_0059_0168_0168.jpg 1 212 59 168 168
0009_0146_0056_0037_0037.jpg 1 146 56 37 37
0010_0112_0066_0202_0202.jpg 1 112 66 202 202
0011_0292_0120_0202_0202.jpg 1 292 120 202 202
0012_0275_0096_0083_0083.jpg 1 275 96 83 83
0013_0336_0194_0033_0033.jpg 1 336 194 33 33
0001_0400_0087_0045_0045.jpg 1 400 87 45 45
0002_0405_0145_0117_0117.jpg 1 405 145 117 117
0003_0229_0230_0087_0087.jpg 1 229 230 87 87
0004_0328_0132_0238_0238.jpg 1 328 132 238 238
0005_0074_0209_0132_0132.jpg 1 74 209 132 132
0006_0078_0229_0134_0134.jpg 1 78 229 134 134
0007_0440_0045_0071_0071.jpg 1 440 45 71 71
0008_0154_0064_0038_0038.jpg 1 154 64 38 38
0009_0395_0025_0192_0192.jpg 1 395 25 192 192
0010_0329_0259_0036_0036.jpg 1 329 259 36 36
0011_0122_0045_0235_0235.jpg 1 122 45 235 235
0012_0456_0290_0043_0043.jpg 1 456 290 43 43
0013_0083_0052_0026_0026.jpg 1 83 52 26 26
0001_0267_0071_0233_0233.jpg 1 267 71 233 233
0002_0383_0100_0056_0056.jpg 1 383 100 56 56
0003_0224_0272_0053_0053.jpg 1 224 272 53 53
0004_0175_0093_0053_0053.jpg 1 175 93 53 53
0005_0208_0026_0198_0198.jpg 1 208 26 198 198
0006_0356_0114_0081_0081.jpg 1 356 114 81 81
0007_0053_0204_0163_0163.jpg 1 53 204 163 163
0008_0241_0146_0236_0236.jpg 1 241 146 236 236
0009_0290_0078_0035_0035.jpg 1 290 78 35 35
0010_0357_0136_0178_0178.jpg 1 357 136 178 178
0011_0458_0276_0089_0089.jpg 1 458 276 89 89
0012_0186_0089_0156_0156.jpg 1 186 89 156 156
0013_0280_0099_0241_0241.jpg 1 280 99 241 241
0014_0369_0099_0067_0067.jpg 1 369 99 67 67
0001_0389_0224_0037_0037.jpg 1 389 224 37 37
0002_0073_0131_0126_0126.jpg 1 73 131 126 126
0003_0174_0112_0152_0152.jpg 1 174 112 152 152
0004_0075_0020_0263_0263.jpg 1 75 20 263 263
0005_0212_0177_0159_0159.jpg 1 212 177 159 159
0006_0365_0068_0201_0201.jpg 1 365 68 201 201
0007_0287_0180_0082_0082.jpg 1 287 180 82 82
0008_0415_0133_0068_0068.jpg 1 415 133 68 68
0009_0181_0057_0262_0262.jpg 1 181 57 262 262
0010_0049_0076_0278_0278.jpg 1 49 76 278 278
0011_0194_0037_0236_0236.jpg 1 194 37 236 236
0012_0338_0112_0099_0099.jpg 1 338 112 99 99
0013_0162_0036_0220_0220.jpg 1 162 36 220 220
0014_0220_0057_0157_0157.jpg 1 220 57 157 157
0001_0092_0063_0267_0267.jpg 1 92 63 267 267
0002_0335_0133_0238_0238.jpg 1 335 133 238 238
0003_0271_0102_0263_0263.jpg 1 271 102 263 263
0004_0365_0107_0145_0145.jpg 1 365 107 145 145
0005_0363_0092_0182_0182.jpg 1 363 92 182 182
0006_0245_0153_0169_0169.jpg 1 245 153 169 169
0007_0321_0048_0160_0160.jpg 1 321 48 160 160
0008_0377_0150_0157_0157.jpg 1 377 150 157 157
0009_0381_0030_0213_0213.jpg 1 381 30 213 213
0010_0337_0123_0166_0166.jpg 1 337 123 166 166
0011_0242_0163_0118_0118.jpg 1 242 163 118 118
0012_0076_0050_0169_0169.jpg 1 76 50 169 169
0013_0076_0185_0149_0149.jpg 1 76 185 149 149
0001_0429_0184_0061_0061.jpg 1 429 184 61 61
0002_0358_0072_0083_0083.jpg 1 358 72 83 83
0003_0428_0105_0044_0044.jpg 1 428 105 44 44
0004_0328_0050_0122_0122.jpg 1 328 50 122 122
0005_0112_0082_0210_0210.jpg 1 112 82 210 210
0006_0148_0060_0270_0270.jpg 1 148 60 270 270
0007_0242_0091_0279_0279.jpg 1 242 91 279 279
0008_0192_0100_0074_0074.jpg 1 192 100 74 74
0009_0154_0049_0205_0205.jpg 1 154 49 205 205
0010_0493_0210_0047_0047.jpg 1 493 210 47 47
0011_0318_0107_0088_0088.jpg 1 318 107 88 88
0012_0294_0030_0243_0243.jpg 1 294 30 243 243
0013_0204_0087_0271_0271.jpg 1 204 87 271 271
0014_0423_0030_0159_0159.jpg 1 423 30 159 159
0001_0280_0068_0066_0066.jpg 1 280 68 66 66
0002_0108_0059_0259_0259.jpg 1 108 59 259 259
0003_0224_0111_0201_0201.jpg 1 224 111 201 201
0004_0392_0192_0172_0172.jpg 1 392 192 172 172
0005_0302_0120_0046_0046.jpg 1 302 120 46 46
0006_0315_0033_0213_0213.jpg 1 315 33 213 213
0007_0287_0164_0182_0182.jpg 1 287 164 182 182
0008_0344_0049_0176_0176.jpg 1 344 49 176 176
0009_0382_0123_0108_0108.jpg 1 382 123 108 108
0010_0286_0066_0164_0164.jpg 1 286 66 164 164
0011_0205_0073_0254_0254.jpg 1 205 73 254 254
0012_0286_0112_0097_0097.jpg 1 286 112 97 97
0013_0314_0170_0172_0172.jpg 1 314 170 172 172
0014_0135_0025_0268_0268.jpg 1 135 25 268 268
0001_0310_0057_0101_0101.jpg 1 310 57 101 101
0002_0319_0285_0041_0041.jpg 1 319 285 41 41
0003_0179_0070_0271_0271.jpg 1 179 70 271 271
0004_0283_0240_0121_0121.jpg 1 283 240 121 121
0005_0079_0091_0265_0265.jpg 1 79 91 265 265
0006_0188_0053_0212_0212.jpg 1 188 53 212 212
0007_0474_0172_0100_0100.jpg 1 474 172 100 100
0008_0208_0262_0097_0097.jpg 1 208 262 97 97
0009_0424_0211_0113_0113.jpg 1 424 211 113 113
0010_0373_0243_0126_0126.jpg 1 373 243 126 126
0011_0129_0110_0207_0207.jpg 1 129 110 207 207
0012_0402_0039_0100_0100.jpg 1 402 39 100 100
0013_0049_0049_0274_0274.jpg 1 49 49 274 274
0014_0482_0104_0094_0094.jpg 1 482 104 94 94
0001_0225_0048_0261_0261.jpg 1 225 48 261 261
0002_0513_0165_0043_0043.jpg 1 513 165 43 43
0003_0234_0092_0213_0213.jpg 1 234 92 213 213
0004_0093_0266_0066_0066.jpg 1 93 266 66 66
0005_0108_0114_0173_0173.jpg 1 108 114 173 173
0006_0251_0110_0223_0223.jpg 1 251 110 223 223
0007_0436_0226_0108_0108.jpg 1 436 226 108 108
0008_0426_0036_0050_0050.jpg 1 426 36 50 50
0009_0281_0102_0111_0111.jpg 1 281 102 111 111
0010_0184_0030_0271_0271.jpg 1 184 30 271 271
0011_0337_0143_0032_0032.jpg 1 337 143 32 32
0012_0389_0129_0095_0095.jpg 1 389 129 95 95
0013_0107_0073_0262_0262.jpg 1 107 73 262 262
0014_0189_0103_0235_0235.jpg 1 189 103 235 235
0001_0285_0164_0033_0033.jpg 1 285 164 33 33
0002_0386_0203_0128_0128.jpg 1 386 203 128 128
0003_0321_0028_0257_0257.jpg 1 321 28 257 257
0004_0335_0158_0224_0224.jpg 1 335 158 224 224
0005_0328_0125_0259_0259.jpg 1 328 125 259 259
0006_0236_0122_0191_0191.jpg 1 236 122 191 191
0007_0214_0053_0279_0279.jpg 1 214 53 279 279
0008_0139_0123_0045_0045.jpg 1 139 123 45 45
0009_0259_0050_0256_0256.jpg 1 259 50 256 256
0010_0364_0176_0032_0032.jpg 1 364 176 32 32
0011_0095_0106_0039_0039.jpg 1 95 106 39 39
0012_0393_0059_0194_0194.jpg 1 393 59 194 194
0013_0083_0101_0275_0275.jpg 1 83 101 275 275
0014_0185_0097_0226_0226.jpg 1 185 97 226 226
0001_0229_0186_0128_0128.jpg 1 229 186 128 128
0002_0163_0099_0251_0251.jpg 1 163 99 251 251
0003_0164_0138_0182_0182.jpg 1 164 138 182 182
0004_0376_0034_0141_0141.jpg 1 376 34 141 141
0005_0334_0038_0204_0204.jpg 1 334 38 204 204
0006_0081_0013_0272_0272.jpg 1 81 13 272 272
0007_0342_0150_0198_0198.jpg 1 342 150 198 198
0008_0247_0099_0197_0197.jpg 1 247 99 197 197
0009_0404_0226_0068_0068.jpg 1 404 226 68 68
0010_0408_0074_0108_0108.jpg 1 408 74 108 108
0011_0057_0083_0207_0207.jpg 1 57 83 207 207
0012_0273_0024_0230_0230.jpg 1 273 24 230 230
0013_0366_0202_0165_0165.jpg 1 366 202 165 165
0014_0273_0048_0174_0174.jpg 1 273 48 174 174
0001_0356_0079_0139_0139.jpg 1 356 79 139 139
0002_0276_0041_0269_0269.jpg 1 276 41 269 269
0003_0104_0098_0123_0123.jpg 1 104 98 123 123
0004_0185_0121_0129_0129.jpg 1 185 121 129 129
0005_0147_0083_0200_0200.jpg 1 147 83 200 200
0006_0097_0183_0089_0089.jpg 1 97 183 89 89
0007_0367_0180_0196_0196.jpg 1 367 180 196 196
0008_0120_0243_0119_0119.jpg 1 120 243 119 119
0009_0216_0184_0182_0182.jpg 1 216 184 182 182
0010_0215_0028_0200_0200.jpg 1 215 28 200 200
0011_0077_0167_0107_0107.jpg 1 77 167 107 107
0012_0335_0118_0232_0232.jpg 1 335 118 232 232
0013_0144_0037_0156_0156.jpg 1 144 37 156 156
0014_0266_0096_0192_0192.jpg 1 266 96 192 192
0001_0401_0235_0128_0128.jpg 1 401 235 128 128
0002_0278_0241_0092_0092.jpg 1 278 241 92 92
0003_0389_0047_0194_0194.jpg 1 389 47 194 194
0004_0197_0037_0031_0031.jpg 1 197 37 31 31
0005_0475_0199_0063_0063.jpg 1 475 199 63 63
0006_0236_0094_0230_0230.jpg 1 236 94 230 230
0007_0156_0151_0038_0038.jpg 1 156 151 38 38
0008_0220_0179_0099_0099.jpg 1 220 179 99 99
0009_0291_0275_0061_0061.jpg 1 291 275 61 61
0010_0422_0242_0113_0113.jpg 1 422 242 113 113
0011_0054_0137_0199_0199.jpg 1 54 137 199 199
0012_0165_0155_0151_0151.jpg 1 165 155 151 151
0013_0058_0062_0246_0246.jpg 1 58 62 246 246
0014_0240_0029_0229_0229.jpg 1 240 29 229 229
0001_0313_0100_0206_0206.jpg 1 313 100 206 206
0002_0202_0025_0200_0200.jpg 1 202 25 200 200
0003_0139_0107_0027_0027.jpg 1 139 107 27 27
0004_0275_0058_0051_0051.jpg 1 275 58 51 51
0005_0409_0061_0116_0116.jpg 1 409 61 116 116
0006_0172_0035_0233_0233.jpg 1 172 35 233 233
0007_0245_0196_0160_0160.jpg 1 245 196 160 160
0008_0158_0240_0045_0045.jpg 1 158 240 45 45
0009_0180_0161_0108_0108.jpg 1 180 161 108 108
0010_0197_0298_0041_0041.jpg 1 197 298 41 41
0011_0133_0146_0168_0168.jpg 1 133 146 168 168
0012_0403_0135_0093_0093.jpg 1 403 135 93 93
0013_0290_0187_0169_0169.jpg 1 290 187 169 169
0001_0475_0197_0100_0100.jpg 1 475 197 100 100
0002_0393_0120_0185_0185.jpg 1 393 120 185 185
0003_0277_0048_0030_0030.jpg 1 277 48 30 30
0004_0182_0079_0269_0269.jpg 1 182 79 269 269
0005_0519_0092_0040_0040.jpg 1 519 92 40 40
0006_0132_0028_0194_0194.jpg 1 132 28 194 194
0007_0298_0066_0088_0088.jpg 1 298 66 88 88
0008_0204_0050_0165_0165.jpg 1 204 50 165 165
0009_0248_0041_0162_0162.jpg 1 248 41 162 162
0010_0388_0065_0171_0171.jpg 1 388 65 171 171
0011_0236_0070_0239_0239.jpg 1 236 70 239 239
0012_0285_0063_0141_0141.jpg 1 285 63 141 141
0013_0134_0131_0112_0112.jpg 1 134 131 112 112
0001_0410_0146_0061_0061.jpg 1 410 146 61 61
0002_0336_0095_0260_0260.jpg 1 336 95 260 260
0003_0339_0242_0049_0049.jpg 1 339 242 49 49
0004_0235_0107_0258_0258.jpg 1 235 107 258 258
0005_0331_0109_0265_0265.jpg 1 331 109 265 265
0006_0454_0090_0049_0049.jpg 1 454 90 49 49
0007_0113_0119_0053_0053.jpg 1 113 119 53 53
0008_0160_0078_0242_0242.jpg 1 160 78 242 242
0009_0348_0111_0127_0127.jpg 1 348 111 127 127
0010_0247_0076_0240_0240.jpg 1 247 76 240 240
0011_0349_0188_0063_0063.jpg 1 349 188 63 63
0012_0278_0115_0177_0177.jpg 1 278 115 177 177
0013_0134_0065_0223_0223.jpg 1 134 65 223 223
0001_0162_0110_0061_0061.jpg 1 162 110 61 61
0002_0197_0258_0054_0054.jpg 1 197 258 54 54
0003_0382_0150_0187_0187.jpg 1 382 150 187 187
0004_0109_0045_0147_0147.jpg 1 109 45 147 147
0005_0321_0089_0214_0214.jpg 1 321 89 214 214
0006_0422_0159_0136_0136.jpg 1 422 159 136 136
0007_0202_0200_0063_0063.jpg 1 202 200 63 63
0008_0250_0056_0239_0239.jpg 1 250 56 239 239
0009_0129_0062_0189_0189.jpg 1 129 62 189 189
0010_0151_0118_0247_0247.jpg 1 151 118 247 247
0011_0199_0197_0035_0035.jpg 1 199 197 35 35
0012_0419_0262_0073_0073.jpg 1 419 262 73 73
0013_0456_0141_0097_0097.jpg 1 456 141 97 97
0001_0158_0209_0028_0028.jpg 1 158 209 28 28
0002_0475_0094_0049_0049.jpg 1 475 94 49 49
0003_0307_0119_0239_0239.jpg 1 307 119 239 239
0004_0333_0207_0063_0063.jpg 1 333 207 63 63
0005_0131_0048_0156_0156.jpg 1 131 48 156 156
0006_0077_0049_0085_0085.jpg 1 77 49 85 85
0007_0049_0026_0238_0238.jpg 1 49 26 238 238
0008_0248_0149_0150_0150.jpg 1 248 149 150 150
0009_0375_0257_0055_0055.jpg 1 375 257 55 55
0010_0219_0122_0202_0202.jpg 1 219 122 202 202
0011_0501_0180_0082_0082.jpg 1 501 180 82 82
0012_0359_0162_0144_0144.jpg 1 359 162 144 144
0013_0342_0212_0126_0126.jpg 1 342 212 126 126
0001_0181_0097_0128_0128.jpg 1 181 97 128 128
0002_0178_0114_0143_0143.jpg 1 178 114 143 143
0003_0324_0047_0204_0204.jpg 1 324 47 204 204
0004_0198_0252_0049_0049.jpg 1 198 252 49 49
0005_0153_0064_0139_0139.jpg 1 153 64 139 139
0006_0122_0195_0183_0183.jpg 1 122 195 183 183
0007_0404_0165_0160_0160.jpg 1 404 165 160 160
0008_0132_0174_0068_0068.jpg 1 132 174 68 68
0009_0178_0157_0218_0218.jpg 1 178 157 218 218
0010_0110_0034_0236_0236.jpg 1 110 34 236 236
0011_0159_0077_0246_0246.jpg 1 159 77 246 246
0012_0140_0101_0065_0065.jpg 1 140 101 65 65
0013_0172_0105_0205_0205.jpg 1 172 105 205 205
0001_0193_0068_0178_0178.jpg 1 193 68 178 178
0002_0387_0071_0164_0164.jpg 1 387 71 164 164
0003_0106_0166_0117_0117.jpg 1 106 166 117 117
0004_0105_0161_0159_0159.jpg 1 105 161 159 159
0005_0215_0207_0089_0089.jpg 1 215 207 89 89
0006_0280_0049_0062_0062.jpg 1 280 49 62 62
0007_0394_0297_0069_0069.jpg 1 394 297 69 69
0008_0296_0270_0078_0078.jpg 1 296 270 78 78
0009_0350_0029_0250_0250.jpg 1 350 29 250 250
0010_0117_0072_0259_0259.jpg 1 117 72 259 259
0011_0099_0153_0191_0191.jpg 1 99 153 191 191
0012_0206_0280_0088_0088.jpg 1 206 280 88 88
0013_0055_0118_0169_0169.jpg 1 55 118 169 169
0001_0086_0262_0051_0051.jpg 1 86 262 51 51
0002_0263_0083_0227_0227.jpg 1 263 83 227 227
0003_0422_0062_0095_0095.jpg 1 422 62 95 95
0004_0262_0048_0257_0257.jpg 1 262 48 257 257
0005_0116_0041_0256_0256.jpg 1 116 41 256 256
0006_0303_0109_0166_0166.jpg 1 303 109 166 166
0007_0317_0192_0163_0163.jpg 1 317 192 163 163
0008_0149_0082_0192_0192.jpg 1 149 82 192 192
0009_0290_0077_0208_0208.jpg 1 290 77 208 208
0010_0305_0061_0264_0264.jpg 1 305 61 264 264
0011_0292_0159_0169_0169.jpg 1 292 159 169 169
0012_0331_0074_0236_0236.jpg 1 331 74 236 236
0013_0485_0038_0043_0043.jpg 1 485 38 43 43
0014_0048_0050_0205_0205.jpg 1 48 50 205 205
0001_0299_0078_0206_0206.jpg 1 299 78 206 206
0002_0118_0089_0247_0247.jpg 1 118 89 247 247
0003_0421_0069_0159_0159.jpg 1 421 69 159 159
0004_0197_0075_0186_0186.jpg 1 197 75 186 186
0005_0342_0071_0045_0045.jpg 1 342 71 45 45
0006_0124_0097_0277_0277.jpg 1 124 97 277 277
0007_0434_0231_0081_0081.jpg 1 434 231 81 81
0008_0125_0105_0238_0238.jpg 1 125 105 238 238
0009_0370_0070_0162_0162.jpg 1 370 70 162 162
0010_0325_0065_0268_0268.jpg 1 325 65 268 268
0011_0073_0135_0179_0179.jpg 1 73 135 179 179
0012_0155_0132_0208_0208.jpg 1 155 132 208 208
0013_0364_0290_0051_0051.jpg 1 364 290 51 51
0001_0194_0030_0205_0205.jpg 1 194 30 205 205
0002_0104_0042_0260_0260.jpg 1 104 42 260 260
0003_0300_0099_0256_0256.jpg 1 300 99 256 256
0004_0333_0080_0268_0268.jpg 1 333 80 268 268
0005_0108_0045_0137_0137.jpg 1 108 45 137 137
0006_0491_0278_0047_0047.jpg 1 491 278 47 47
0007_0119_0279_0059_0059.jpg 1 119 279 59 59
0008_0372_0199_0144_0144.jpg 1 372 199 144 144
0009_0124_0087_0264_0264.jpg 1 124 87 264 264
0010_0196_0031_0255_0255.jpg 1 196 31 255 255
0011_0141_0027_0214_0214.jpg 1 141 27 214 214
0012_0192_0104_0147_0147.jpg 1 192 104 147 147
0013_0188_0113_0223_0223.jpg 1 188 113 223 223
0014_0278_0028_0138_0138.jpg 1 278 28 138 138
0001_0340_0154_0139_0139.jpg 1 340 154 139 139
0002_0341_0125_0062_0062.jpg 1 341 125 62 62
0003_0176_0107_0258_0258.jpg 1 176 107 258 258
0004_0132_0031_0268_0268.jpg 1 132 31 268 268
0005_0090_0115_0132_0132.jpg 1 90 115 132 132
0006_0089_0221_0138_0138.jpg 1 89 221 138 138
0007_0311_0026_0258_0258.jpg 1 311 26 258 258
0008_0453_0251_0101_0101.jpg 1 453 251 101 101
0009_0179_0039_0119_0119.jpg 1 179 39 119 119
0010_0170_0250_0026_0026.jpg 1 170 250 26 26
0011_0331_0022_0200_0200.jpg 1 331 22 200 200
0012_0249_0256_0054_0054.jpg 1 249 256 54 54
0013_0290_0058_0253_0253.jpg 1 290 58 253 253
0014_0090_0056_0100_0100.jpg 1 90 56 100 100
0001_0331_0144_0222_0222.jpg 1 331 144 222 222
0002_0345_0057_0166_0166.jpg 1 345 57 166 166
0003_0070_0074_0111_0111.jpg 1 70 74 111 111
0004_0164_0115_0064_0064.jpg 1 164 115 64 64
0005_0394_0057_0200_0200.jpg 1 394 57 200 200
0006_0104_0091_0256_0256.jpg 1 104 91 256 256
0007_0415_0066_0144_0144.jpg 1 415 66 144 144
0008_0172_0109_0267_0267.jpg 1 172 109 267 267
0009_0073_0099_0083_0083.jpg 1 73 99 83 83
0010_0265_0108_0175_0175.jpg 1 265 108 175 175
0011_0231_0140_0166_0166.jpg 1 231 140 166 166
0012_0266_0143_0218_0218.jpg 1 266 143 218 218
0013_0191_0112_0275_0275.jpg 1 191 112 275 275
0014_0115_0108_0188_0188.jpg 1 115 108 188 188
0001_0346_0031_0122_0122.jpg 1 346 31 122 122
0002_0324_0147_0123_0123.jpg 1 324 147 123 123
0003_0506_0287_0028_0028.jpg 1 506 287 28 28
0004_0222_0151_0224_0224.jpg 1 222 151 224 224
0005_0442_0110_0037_0037.jpg 1 442 110 37 37
0006_0113_0070_0113_0113.jpg 1 113 70 113 113
0007_0277_0140_0224_0224.jpg 1 277 140 224 224
0008_0228_0073_0208_0208.jpg 1 228 73 208 208
0009_0146_0152_0106_0106.jpg 1 146 152 106 106
0010_0241_0292_0031_0031.jpg 1 241 292 31 31
0011_0214_0025_0148_0148.jpg 1 214 25 148 148
0012_0068_0120_0154_0154.jpg 1 68 120 154 154
0013_0181_0087_0168_0168.jpg 1 181 87 168 168
0014_0099_0218_0062_0062.jpg 1 99 218 62 62
0001_0071_0106_0068_0068.jpg 1 71 106 68 68
0002_0470_0243_0085_0085.jpg 1 470 243 85 85
0003_0294_0035_0202_0202.jpg 1 294 35 202 202
0004_0229_0156_0175_0175.jpg 1 229 156 175 175
0005_0286_0055_0267_0267.jpg 1 286 55 267 267
0006_0076_0034_0086_0086.jpg 1 76 34 86 86
0007_0264_0047_0218_0218.jpg 1 264 47 218 218
0008_0237_0076_0140_0140.jpg 1 237 76 140 140
0009_0119_0161_0213_0213.jpg 1 119 161 213 213
0010_0444_0122_0095_0095.jpg 1 444 122 95 95
0011_0219_0180_0034_0034.jpg 1 219 180 34 34
0012_0092_0215_0041_0041.jpg 1 92 215 41 41
0013_0313_0228_0123_0123.jpg 1 313 228 123 123
0014_0283_0139_0024_0024.jpg 1 283 139 24 24
0001_0396_0160_0071_0071.jpg 1 396 160 71 71
0002_0127_0286_0081_0081.jpg 1 127 286 81 81
0003_0315_0250_0092_0092.jpg 1 315 250 92 92
0004_0371_0229_0077_0077.jpg 1 371 229 77 77
0005_0106_0024_0275_0275.jpg 1 106 24 275 275
0006_0421_0047_0055_0055.jpg 1 421 47 55 55
0007_0130_0108_0195_0195.jpg 1 130 108 195 195
0008_0220_0169_0129_0129.jpg 1 220 169 129 129
0009_0279_0063_0158_0158.jpg 1 279 63 158 158
0010_0046_0057_0228_0228.jpg 1 46 57 228 228
0011_0226_0029_0267_0267.jpg 1 226 29 267 267
0012_0248_0117_0244_0244.jpg 1 248 117 244 244
0013_0262_0269_0029_0029.jpg 1 262 269 29 29
0014_0251_0241_0049_0049.jpg 1 251 241 49 49
0001_0132_0065_0055_0055.jpg 1 132 65 55 55
0002_0398_0222_0114_0114.jpg 1 398 222 114 114
0003_0252_0061_0261_0261.jpg 1 252 61 261 261
0004_0250_0180_0060_0060.jpg 1 250 180 60 60
0005_0069_0024_0186_0186.jpg 1 69 24 186 186
0006_0261_0334_0024_0024.jpg 1 261 334 24 24
0007_0298_0124_0198_0198.jpg 1 298 124 198 198
0008_0326_0040_0267_0267.jpg 1 326 40 267 267
0009_0265_0030_0128_0128.jpg 1 265 30 128 128
0010_0096_0130_0212_0212.jpg 1 96 130 212 212
0011_0245_0263_0054_0054.jpg 1 245 263 54 54
0012_0420_0048_0085_0085.jpg 1 420 48 85 85
0013_0083_0141_0097_0097.jpg 1 83 141 97 97
0014_0385_0050_0143_0143.jpg 1 385 50 143 143
0001_0489_0230_0034_0034.jpg 1 489 230 34 34
0002_0458_0261_0098_0098.jpg 1 458 261 98 98
0003_0205_0026_0273_0273.jpg 1 205 26 273 273
0004_0203_0136_0121_0121.jpg 1 203 136 121 121
0005_0208_0072_0261_0261.jpg 1 208 72 261 261
0006_0329_0105_0052_0052.jpg 1 329 105 52 52
0007_0122_0144_0175_0175.jpg 1 122 144 175 175
0008_0410_0076_0174_0174.jpg 1 410 76 174 174
0009_0412_0166_0171_0171.jpg 1 412 166 171 171
0010_0239_0086_0241_0241.jpg 1 239 86 241 241
0011_0121_0041_0184_0184.jpg 1 121 41 184 184
0012_0262_0053_0265_0265.jpg 1 262 53 265 265
0013_0422_0151_0074_0074.jpg 1 422 151 74 74
0001_0127_0038_0037_0037.jpg 1 127 38 37 37
0002_0228_0188_0046_0046.jpg 1 228 188 46 46
0003_0103_0204_0156_0156.jpg 1 103 204 156 156
0004_0217_0095_0267_0267.jpg 1 217 95 267 267
0005_0147_0099_0078_0078.jpg 1 147 99 78 78
0006_0326_0023_0221_0221.jpg 1 326 23 221 221
0007_0204_0048_0084_0084.jpg 1 204 48 84 84
0008_0346_0054_0068_0068.jpg 1 346 54 68 68
0009_0303_0117_0262_0262.jpg 1 303 117 262 262
0010_0463_0319_0028_0028.jpg 1 463 319 28 28
0011_0217_0210_0125_0125.jpg 1 217 210 125 125
0012_0320_0283_0062_0062.jpg 1 320 283 62 62
0013_0300_0152_0189_0189.jpg 1 300 152 189 189
0014_0071_0078_0187_0187.jpg 1 71 78 187 187
0001_0316_0276_0066_0066.jpg 1 316 276 66 66
0002_0116_0260_0033_0033.jpg 1 116 260 33 33
0003_0225_0190_0061_0061.jpg 1 225 190 61 61
0004_0280_0324_0027_0027.jpg 1 280 324 27 27
0005_0378_0069_0188_0188.jpg 1 378 69 188 188
0006_0392_0129_0128_0128.jpg 1 392 129 128 128
0007_0185_0186_0079_0079.jpg 1 185 186 79 79
0008_0355_0117_0243_0243.jpg 1 355 117 243 243
0009_0253_0212_0153_0153.jpg 1 253 212 153 153
0010_0472_0196_0080_0080.jpg 1 472 196 80 80
0011_0186_0110_0111_0111.jpg 1 186 110 111 111
0012_0230_0057_0245_0245.jpg 1 230 57 245 245
0013_0064_0040_0197_0197.jpg 1 64 40 197 197
0014_0357_0055_0231_0231.jpg 1 357 55 231 231
0001_0458_0143_0077_0077.jpg 1 458 143 77 77
0002_0238_0077_0179_0179.jpg 1 238 77 179 179
0003_0322_0074_0130_0130.jpg 1 322 74 130 130
0004_0322_0049_0268_0268.jpg 1 322 49 268 268
0005_0374_0030_0177_0177.jpg 1 374 30 177 177
0006_0184_0188_0057_0057.jpg 1 184 188 57 57
0007_0343_0073_0175_0175.jpg 1 343 73 175 175
0008_0165_0051_0246_0246.jpg 1 165 51 246 246
0009_0136_0037_0206_0206.jpg 1 136 37 206 206
0010_0237_0041_0238_0238.jpg 1 237 41 238 238
0011_0094_0245_0089_0089.jpg 1 94 245 89 89
0012_0341_0262_0041_0041.jpg 1 341 262 41 41
0013_0193_0093_0087_0087.jpg 1 193 93 87 87
0014_0056_0109_0223_0223.jpg 1 56 109 223 223
0001_0406_0117_0178_0178.jpg 1 406 117 178 178
0002_0320_0121_0194_0194.jpg 1 320 121 194 194
0003_0357_0098_0231_0231.jpg 1 357 98 231 231
0004_0083_0089_0267_0267.jpg 1 83 89 267 267
0005_0122_0037_0227_0227.jpg 1 122 37 227 227
0006_0200_0140_0219_0219.jpg 1 200 140 219 219
0007_0146_0125_0189_0189.jpg 1 146 125 189 189
0008_0307_0243_0070_0070.jpg 1 307 243 70 70
0009_0387_0171_0134_0134.jpg 1 387 171 134 134
0010_0060_0089_0240_0240.jpg 1 60 89 240 240
0011_0096_0147_0093_0093.jpg 1 96 147 93 93
0012_0326_0171_0193_0193.jpg 1 326 171 193 193
0013_0394_0070_0088_0088.jpg 1 394 70 88 88
0014_0316_0044_0223_0223.jpg 1 316 44 223 223
0001_0228_0151_0211_0211.jpg 1 228 151 211 211
0002_0199_0051_0149_0149.jpg 1 199 51 149 149
0003_0174_0195_0043_0043.jpg 1 174 195 43 43
0004_0121_0161_0209_0209.jpg 1 121 161 209 209
0005_0058_0090_0217_0217.jpg 1 58 90 217 217
0006_0421_0189_0080_0080.jpg 1 421 189 80 80
0007_0284_0191_0066_0066.jpg 1 284 191 66 66
0008_0316_0127_0171_0171.jpg 1 316 127 171 171
0009_0332_0132_0098_0098.jpg 1 332 132 98 98
0010_0273_0049_0152_0152.jpg 1 273 49 152 152
0011_0383_0033_0209_0209.jpg 1 383 33 209 209
0012_0319_0123_0113_0113.jpg 1 319 123 113 113
0013_0082_0107_0106_0106.jpg 1 82 107 106 106
0014_0423_0102_0046_0046.jpg 1 423 102 46 46
0001_0092_0054_0234_0234.jpg 1 92 54 234 234
0002_0057_0221_0108_0108.jpg 1 57 221 108 108
0003_0112_0082_0194_0194.jpg 1 112 82 194 194
0004_0138_0174_0203_0203.jpg 1 138 174 203 203
0005_0231_0071_0024_0024.jpg 1 231 71 24 24
0006_0467_0254_0040_0040.jpg 1 467 254 40 40
0007_0482_0136_0035_0035.jpg 1 482 136 35 35
0008_0109_0181_0080_0080.jpg 1 109 181 80 80
0009_0141_0079_0072_0072.jpg 1 141 79 72 72
0010_0301_0237_0099_0099.jpg 1 301 237 99 99
0011_0273_0114_0225_0225.jpg 1 273 114 225 225
0012_0444_0071_0080_0080.jpg 1 444 71 80 80
0013_0359_0050_0151_0151.jpg 1 359 50 151 151
0014_0267_0205_0152_0152.jpg 1 267 205 152 152
0001_0435_0307_0044_0044.jpg 1 435 307 44 44
0002_0137_0202_0144_0144.jpg 1 137 202 144 144
0003_0299_0064_0197_0197.jpg 1 299 64 197 197
0004_0224_0128_0080_0080.jpg 1 224 128 80 80
0005_0416_0079_0119_0119.jpg 1 416 79 119 119
0006_0219_0170_0120_0120.jpg 1 219 170 120 120
0007_0050_0071_0244_0244.jpg 1 50 71 244 244
0008_0228_0211_0156_0156.jpg 1 228 211 156 156
0009_0153_0134_0231_0231.jpg 1 153 134 231 231
0010_0080_0022_0219_0219.jpg 1 80 22 219 219
0011_0119_0055_0239_0239.jpg 1 119 55 239 239
0012_0208_0082_0129_0129.jpg 1 208 82 129 129
0013_0156_0189_0097_0097.jpg 1 156 189 97 97
0014_0339_0148_0139_0139.jpg 1 339 148 139 139
0001_0153_0256_0072_0072.jpg 1 153 256 72 72
0002_0183_0078_0260_0260.jpg 1 183 78 260 260
0003_0243_0247_0102_0102.jpg 1 243 247 102 102
0004_0116_0096_0222_0222.jpg 1 116 96 222 222
0005_0075_0050_0223_0223.jpg 1 75 50 223 223
0006_0154_0018_0269_0269.jpg 1 154 18 269 269
0007_0486_0155_0082_0082.jpg 1 486 155 82 82
0008_0159_0106_0025_0025.jpg 1 159 106 25 25
0009_0085_0185_0182_0182.jpg 1 85 185 182 182
0010_0211_0200_0074_0074.jpg 1 211 200 74 74
0011_0208_0126_0191_0191.jpg 1 208 126 191 191
0012_0120_0087_0078_0078.jpg 1 120 87 78 78
0013_0149_0040_0194_0194.jpg 1 149 40 194 194
0014_0516_0129_0026_0026.jpg 1 516 129 26 26
0001_0114_0229_0133_0133.jpg 1 114 229 133 133
0002_0318_0223_0122_0122.jpg 1 318 223 122 122
0003_0299_0095_0206_0206.jpg 1 299 95 206 206
0004_0101_0207_0055_0055.jpg 1 101 207 55 55
0005_0320_0079_0238_0238.jpg 1 320 79 238 238
0006_0097_0178_0168_0168.jpg 1 97 178 168 168
0007_0202_0163_0162_0162.jpg 1 202 163 162 162
0008_0275_0057_0050_0050.jpg 1 275 57 50 50
0009_0321_0263_0028_0028.jpg 1 321 263 28 28
0010_0371_0110_0185_0185.jpg 1 371 110 185 185
0011_0333_0186_0104_0104.jpg 1 333 186 104 104
0012_0195_0215_0113_0113.jpg 1 195 215 113 113
0013_0112_0070_0272_0272.jpg 1 112 70 272 272
0014_0147_0116_0189_0189.jpg 1 147 116 189 189
0001_0234_0039_0095_0095.jpg 1 234 39 95 95
0002_0256_0055_0120_0120.jpg 1 256 55 120 120
0003_0117_0110_0238_0238.jpg 1 117 110 238 238
0004_0147_0040_0194_0194.jpg 1 147 40 194 194
0005_0347_0085_0165_0165.jpg 1 347 85 165 165
0006_0218_0148_0130_0130.jpg 1 218 148 130 130
0007_0220_0306_0058_0058.jpg 1 220 306 58 58
0008_0286_0212_0107_0107.jpg 1 286 212 107 107
0009_0518_0145_0042_0042.jpg 1 518 145 42 42
0010_0315_0113_0262_0262.jpg 1 315 113 262 262
0011_0487_0072_0025_0025.jpg 1 487 72 25 25
0012_0441_0050_0084_0084.jpg 1 441 50 84 84
0013_0280_0137_0214_0214.jpg 1 280 137 214 214
0014_0300_0074_0099_0099.jpg 1 300 74 99 99
0001_0136_0044_0238_0238.jpg 1 136 44 238 238
0002_0344_0118_0201_0201.jpg 1 344 118 201 201
0003_0373_0072_0096_0096.jpg 1 373 72 96 96
0004_0341_0134_0250_0250.jpg 1 341 134 250 250
0005_0384_0107_0150_0150.jpg 1 384 107 150 150
0006_0061_0018_0238_0238.jpg 1 61 18 238 238
0007_0487_0052_0027_0027.jpg 1 487 52 27 27
0008_0275_0171_0095_0095.jpg 1 275 171 95 95
0009_0412_0099_0033_0033.jpg 1 412 99 33 33
0010_0190_0101_0277_0277.jpg 1 190 101 277 277
0011_0054_0062_0153_0153.jpg 1 54 62 153 153
0012_0160_0064_0273_0273.jpg 1 160 64 273 273
0013_0333_0210_0060_0060.jpg 1 333 210 60 60
0001_0316_0210_0041_0041.jpg 1 316 210 41 41
0002_0423_0107_0070_0070.jpg 1 423 107 70 70
0003_0136_0301_0061_0061.jpg 1 136 301 61 61
0004_0105_0120_0195_0195.jpg 1 105 120 195 195
0005_0157_0115_0182_0182.jpg 1 157 115 182 182
0006_0165_0267_0092_0092.jpg 1 165 267 92 92
0007_0077_0126_0234_0234.jpg 1 77 126 234 234
0008_0349_0095_0074_0074.jpg 1 349 95 74 74
0009_0293_0121_0056_0056.jpg 1 293 121 56 56
0010_0484_0190_0085_0085.jpg 1 484 190 85 85
0011_0189_0157_0103_0103.jpg 1 189 157 103 103
0012_0404_0042_0166_0166.jpg 1 404 42 166 166
0013_0381_0146_0073_0073.jpg 1 381 146 73 73
0001_0119_0074_0089_0089.jpg 1 119 74 89 89
0002_0323_0040_0039_0039.jpg 1 323 40 39 39
0003_0335_0252_0086_0086.jpg 1 335 252 86 86
0004_0169_0083_0278_0278.jpg 1 169 83 278 278
0005_0281_0293_0040_0040.jpg 1 281 293 40 40
0006_0114_0064_0240_0240.jpg 1 114 64 240 240
0007_0451_0115_0072_0072.jpg 1 451 115 72 72
0008_0088_0155_0202_0202.jpg 1 88 155 202 202
0009_0499_0106_0075_0075.jpg 1 499 106 75 75
0010_0104_0214_0096_0096.jpg 1 104 214 96 96
0011_0303_0069_0188_0188.jpg 1 303 69 188 188
0012_0397_0043_0048_0048.jpg 1 397 43 48 48
0013_0417_0257_0111_0111.jpg 1 417 257 111 111
0014_0302_0188_0110_0110.jpg 1 302 188 110 110
0001_0473_0128_0067_0067.jpg 1 473 128 67 67
0002_0319_0023_0229_0229.jpg 1 319 23 229 229
0003_0350_0175_0088_0088.jpg 1 350 175 88 88
0004_0244_0144_0067_0067.jpg 1 244 144 67 67
0005_0095_0086_0172_0172.jpg 1 95 86 172 172
0006_0212_0103_0066_0066.jpg 1 212 103 66 66
0007_0380_0063_0069_0069.jpg 1 380 63 69 69
0008_0234_0149_0173_0173.jpg 1 234 149 173 173
0009_0448_0297_0038_0038.jpg 1 448 297 38 38
0010_0424_0079_0047_0047.jpg 1 424 79 47 47
0011_0123_0093_0264_0264.jpg 1 123 93 264 264
0012_0389_0264_0068_0068.jpg 1 389 264 68 68
0013_0177_0205_0126_0126.jpg 1 177 205 126 126
0001_0214_0048_0128_0128.jpg 1 214 48 128 128
0002_0399_0259_0044_0044.jpg 1 399 259 44 44
0003_0131_0216_0061_0061.jpg 1 131 216 61 61
0004_0370_0083_0152_0152.jpg 1 370 83 152 152
0005_0113_0166_0139_0139.jpg 1 113 166 139 139
0006_0283_0163_0201_0201.jpg 1 283 163 201 201
0007_0489_0206_0026_0026.jpg 1 489 206 26 26
0008_0446_0071_0107_0107.jpg 1 446 71 107 107
0009_0288_0091_0260_0260.jpg 1 288 91 260 260
0010_0379_0137_0064_0064.jpg 1 379 137 64 64
0011_0223_0084_0137_0137.jpg 1 223 84 137 137
0012_0297_0174_0103_0103.jpg 1 297 174 103 103
0013_0370_0086_0073_0073.jpg 1 370 86 73 73
0014_0518_0108_0034_0034.jpg 1 518 108 34 34
0001_0242_0035_0234_0234.jpg 1 242 35 234 234
0002_0171_0100_0156_0156.jpg 1 171 100 156 156
0003_0292_0262_0070_0070.jpg 1 292 262 70 70
0004_0131_0129_0207_0207.jpg 1 131 129 207 207
0005_0336_0195_0073_0073.jpg 1 336 195 73 73
0006_0179_0051_0073_0073.jpg 1 179 51 73 73
0007_0133_0140_0076_0076.jpg 1 133 140 76 76
0008_0310_0285_0038_0038.jpg 1 310 285 38 38
0009_0226_0202_0103_0103.jpg 1 226 202 103 103
0010_0204_0060_0101_0101.jpg 1 204 60 101 101
0011_0266_0045_0189_0189.jpg 1 266 45 189 189
0012_0168_0020_0268_0268.jpg 1 168 20 268 268
0013_0188_0147_0199_0199.jpg 1 188 147 199 199
0001_0455_0062_0044_0044.jpg 1 455 62 44 44
0002_0236_0223_0096_0096.jpg 1 236 223 96 96
0003_0190_0150_0192_0192.jpg 1 190 150 192 192
0004_0242_0075_0074_0074.jpg 1 242 75 74 74
0005_0111_0105_0068_0068.jpg 1 111 105 68 68
0006_0204_0151_0220_0220.jpg 1 204 151 220 220
0007_0111_0091_0229_0229.jpg 1 111 91 229 229
0008_0193_0104_0274_0274.jpg 1 193 104 274 274
0009_0106_0081_0247_0247.jpg 1 106 81 247 247
0010_0200_0184_0173_0173.jpg 1 200 184 173 173
0011_0317_0165_0200_0200.jpg 1 317 165 200 200
0012_0186_0135_0096_0096.jpg 1 186 135 96 96
0013_0429_0265_0097_0097.jpg 1 429 265 97 97
0014_0098_0189_0150_0150.jpg 1 98 189 150 150
0001_0328_0121_0206_0206.jpg 1 328 121 206 206
0002_0222_0057_0279_0279.jpg 1 222 57 279 279
0003_0280_0036_0277_0277.jpg 1 280 36 277 277
0004_0288_0140_0045_0045.jpg 1 288 140 45 45
0005_0071_0048_0193_0193.jpg 1 71 48 193 193
0006_0201_0080_0204_0204.jpg 1 201 80 204 204
0007_0230_0055_0267_0267.jpg 1 230 55 267 267
0008_0251_0113_0271_0271.jpg 1 251 113 271 271
0009_0257_0088_0191_0191.jpg 1 257 88 191 191
0010_0341_0124_0224_0224.jpg 1 341 124 224 224
0011_0305_0027_0172_0172.jpg 1 305 27 172 172
0012_0247_0026_0165_0165.jpg 1 247 26 165 165
0013_0132_0083_0279_0279.jpg 1 132 83 279 279
0014_0273_0120_0264_0264.jpg 1 273 120 264 264
0001_0135_0220_0073_0073.jpg 1 135 220 73 73
0002_0150_0048_0182_0182.jpg 1 150 48 182 182
0003_0287_0134_0238_0238.jpg 1 287 134 238 238
0004_0362_0213_0107_0107.jpg 1 362 213 107 107
0005_0271_0109_0030_0030.jpg 1 271 109 30 30
0006_0207_0084_0191_0191.jpg 1 207 84 191 191
0007_0199_0031_0269_0269.jpg 1 199 31 269 269
0008_0068_0114_0258_0258.jpg 1 68 114 258 258
0009_0090_0245_0124_0124.jpg 1 90 245 124 124
0010_0353_0063_0090_0090.jpg 1 353 63 90 90
0011_0149_0223_0136_0136.jpg 1 149 223 136 136
0012_0182_0159_0159_0159.jpg 1 182 159 159 159
0013_0205_0096_0068_0068.jpg 1 205 96 68 68
0014_0427_0165_0026_0026.jpg 1 427 165 26 26
0001_0105_0064_0217_0217.jpg 1 105 64 217 217
0002_0272_0131_0247_0247.jpg 1 272 131 247 247
0003_0149_0154_0210_0210.jpg 1 149 154 210 210
0004_0437_0026_0146_0146.jpg 1 437 26 146 146
0005_0257_0063_0248_0248.jpg 1 257 63 248 248
0006_0421_0182_0084_0084.jpg 1 421 182 84 84
0007_0100_0119_0043_0043.jpg 1 100 119 43 43
0008_0116_0080_0272_0272.jpg 1 116 80 272 272
0009_0170_0133_0229_0229.jpg 1 170 133 229 229
0010_0282_0129_0202_0202.jpg 1 282 129 202 202
0011_0101_0072_0155_0155.jpg 1 101 72 155 155
0012_0415_0048_0165_0165.jpg 1 415 48 165 165
0013_0485_0296_0051_0051.jpg 1 485 296 51 51
0014_0266_0093_0261_0261.jpg 1 266 93 261 261
0001_0074_0166_0183_0183.jpg 1 74 166 183 183
0002_0250_0282_0083_0083.jpg 1 250 282 83 83
0003_0141_0105_0274_0274.jpg 1 141 105 274 274
0004_0352_0099_0206_0206.jpg 1 352 99 206 206
0005_0370_0190_0044_0044.jpg 1 370 190 44 44
0006_0156_0093_0240_0240.jpg 1 156 93 240 240
0007_0100_0131_0050_0050.jpg 1 100 131 50 50
0008_0318_0028_0206_0206.jpg 1 318 28 206 206
0009_0200_0132_0087_0087.jpg 1 200 132 87 87
0010_0237_0169_0158_0158.jpg 1 237 169 158 158
0011_0190_0118_0152_0152.jpg 1 190 118 152 152
0012_0224_0144_0211_0211.jpg 1 224 144 211 211
0013_0161_0233_0141_0141.jpg 1 161 233 141 141
0001_0336_0033_0239_0239.jpg 1 336 33 239 239
0002_0499_0148_0057_0057.jpg 1 499 148 57 57
0003_0404_0208_0081_0081.jpg 1 404 208 81 81
0004_0290_0107_0102_0102.jpg 1 290 107 102 102
0005_0214_0135_0245_0245.jpg 1 214 135 245 245
0006_0157_0085_0130_0130.jpg 1 157 85 130 130
0007_0198_0068_0052_0052.jpg 1 198 68 52 52
0008_0381_0031_0196_0196.jpg 1 381 31 196 196
0009_0260_0040_0213_0213.jpg 1 260 40 213 213
0010_0152_0283_0059_0059.jpg 1 152 283 59 59
0011_0130_0059_0121_0121.jpg 1 130 59 121 121
0012_0484_0282_0074_0074.jpg 1 484 282 74 74
0013_0174_0131_0192_0192.jpg 1 174 131 192 192
0014_0132_0157_0206_0206.jpg 1 132 157 206 206
0001_0243_0056_0184_0184.jpg 1 243 56 184 184
0002_0113_0021_0261_0261.jpg 1 113 21 261 261
0003_0316_0206_0155_0155.jpg 1 316 206 155 155
0004_0342_0127_0221_0221.jpg 1 342 127 221 221
0005_0259_0163_0114_0114.jpg 1 259 163 114 114
0006_0269_0312_0051_0051.jpg 1 269 312 51 51
0007_0144_0150_0144_0144.jpg 1 144 150 144 144
0008_0314_0116_0249_0249.jpg 1 314 116 249 249
0009_0165_0065_0146_0146.jpg 1 165 65 146 146
0010_0329_0056_0239_0239.jpg 1 329 56 239 239
0011_0234_0259_0027_0027.jpg 1 234 259 27 27
0012_0360_0095_0199_0199.jpg 1 360 95 199 199
0013_0144_0051_0084_0084.jpg 1 144 51 84 84
0001_0217_0236_0078_0078.jpg 1 217 236 78 78
0002_0316_0070_0229_0229.jpg 1 316 70 229 229
0003_0189_0038_0268_0268.jpg 1 189 38 268 268
0004_0234_0144_0156_0156.jpg 1 234 144 156 156
0005_0153_0057_0120_0120.jpg 1 153 57 120 120
0006_0406_0033_0131_0131.jpg 1 406 33 131 131
0007_0288_0091_0039_0039.jpg 1 288 91 39 39
0008_0059_0057_0228_0228.jpg 1 59 57 228 228
0009_0416_0065_0156_0156.jpg 1 416 65 156 156
0010_0368_0197_0094_0094.jpg 1 368 197 94 94
0011_0202_0074_0211_0211.jpg 1 202 74 211 211
0012_0187_0144_0191_0191.jpg 1 187 144 191 191
0013_0083_0133_0095_0095.jpg 1 83 133 95 95
0014_0125_0082_0276_0276.jpg 1 125 82 276 276
0001_0218_0086_0245_0245.jpg 1 218 86 245 245
0002_0454_0106_0027_0027.jpg 1 454 106 27 27
0003_0196_0032_0120_0120.jpg 1 196 32 120 120
0004_0207_0150_0038_0038.jpg 1 207 150 38 38
0005_0093_0100_0274_0274.jpg 1 93 100 274 274
0006_0153_0080_0129_0129.jpg 1 153 80 129 129
0007_0283_0091_0277_0277.jpg 1 283 91 277 277
0008_0512_0073_0028_0028.jpg 1 512 73 28 28
0009_0162_0288_0069_0069.jpg 1 162 288 69 69
0010_0068_0085_0076_0076.jpg 1 68 85 76 76
0011_0306_0034_0252_0252.jpg 1 306 34 252 252
0012_0386_0075_0208_0208.jpg 1 386 75 208 208
0013_0425_0092_0089_0089.jpg 1 425 92 89 89
0014_0089_0175_0162_0162.jpg 1 89 175 162 162
0001_0073_0041_0245_0245.jpg 1 73 41 245 245
0002_0201_0037_0234_0234.jpg 1 201 37 234 234
0003_0206_0082_0241_0241.jpg 1 206 82 241 241
0004_0170_0055_0155_0155.jpg 1 170 55 155 155
0005_0228_0121_0086_0086.jpg 1 228 121 86 86
0006_0387_0270_0081_0081.jpg 1 387 270 81 81
0007_0160_0045_0219_0219.jpg 1 160 45 219 219
0008_0280_0046_0183_0183.jpg 1 280 46 183 183
0009_0202_0086_0147_0147.jpg 1 202 86 147 147
0010_0139_0058_0270_0270.jpg 1 139 58 270 270
0011_0442_0055_0042_0042.jpg 1 442 55 42 42
0012_0348_0109_0227_0227.jpg 1 348 109 227 227
0013_0202_0086_0244_0244.jpg 1 202 86 244 244
0014_0273_0079_0082_0082.jpg 1 273 79 82 82
0001_0050_0073_0261_0261.jpg 1 50 73 261 261
0002_0056_0075_0269_0269.jpg 1 56 75 269 269
0003_0146_0149_0098_0098.jpg 1 146 149 98 98
0004_0230_0144_0214_0214.jpg 1 230 144 214 214
0005_0422_0190_0036_0036.jpg 1 422 190 36 36
0006_0331_0106_0064_0064.jpg 1 331 106 64 64
0007_0306_0088_0229_0229.jpg 1 306 88 229 229
0008_0253_0100_0262_0262.jpg 1 253 100 262 262
0009_0324_0089_0081_0081.jpg 1 324 89 81 81
0010_0412_0256_0082_0082.jpg 1 412 256 82 82
0011_0374_0085_0097_0097.jpg 1 374 85 97 97
0012_0431_0166_0070_0070.jpg 1 431 166 70 70
0013_0335_0135_0082_0082.jpg 1 335 135 82 82
0014_0127_0042_0130_0130.jpg 1 127 42 130 130
0001_0349_0094_0229_0229.jpg 1 349 94 229 229
0002_0288_0036_0236_0236.jpg 1 288 36 236 236
0003_0342_0032_0167_0167.jpg 1 342 32 167 167
0004_0433_0198_0157_0157.jpg 1 433 198 157 157
0005_0177_0203_0111_0111.jpg 1 177 203 111 111
0006_0381_0226_0137_0137.jpg 1 381 226 137 137
0007_0294_0091_0193_0193.jpg 1 294 91 193 193
0008_0276_0249_0105_0105.jpg 1 276 249 105 105
0009_0213_0052_0266_0266.jpg 1 213 52 266 266
0010_0349_0241_0062_0062.jpg 1 349 241 62 62
0011_0216_0239_0064_0064.jpg 1 216 239 64 64
0012_0203_0083_0194_0194.jpg 1 203 83 194 194
0013_0097_0020_0218_0218.jpg 1 97 20 218 218
0001_0152_0242_0056_0056.jpg 1 152 242 56 56
0002_0053_0149_0195_0195.jpg 1 53 149 195 195
0003_0311_0063_0260_0260.jpg 1 311 63 260 260
0004_0393_0078_0188_0188.jpg 1 393 78 188 188
0005_0187_0143_0146_0146.jpg 1 187 143 146 146
0006_0208_0099_0269_0269.jpg 1 208 99 269 269
0007_0317_0123_0082_0082.jpg 1 317 123 82 82
0008_0485_0037_0047_0047.jpg 1 485 37 47 47
0009_0050_0135_0234_0234.jpg 1 50 135 234 234
0010_0056_0096_0242_0242.jpg 1 56 96 242 242
0011_0141_0018_0245_0245.jpg 1 141 18 245 245
0012_0400_0066_0055_0055.jpg 1 400 66 55 55
0013_0178_0201_0151_0151.jpg 1 178 201 151 151
0014_0242_0119_0227_0227.jpg 1 242 119 227 227
0001_0064_0127_0117_0117.jpg 1 64 127 117 117
0002_0331_0240_0075_0075.jpg 1 331 240 75 75
0003_0091_0074_0254_0254.jpg 1 91 74 254 254
0004_0153_0045_0174_0174.jpg 1 153 45 174 174
0005_0273_0259_0074_0074.jpg 1 273 259 74 74
0006_0400_0047_0043_0043.jpg 1 400 47 43 43
0007_0312_0079_0198_0198.jpg 1 312 79 198 198
0008_0068_0129_0114_0114.jpg 1 68 129 114 114
0009_0317_0133_0211_0211.jpg 1 317 133 211 211
0010_0334_0056_0172_0172.jpg 1 334 56 172 172
0011_0143_0220_0089_0089.jpg 1 143 220 89 89
0012_0095_0070_0231_0231.jpg 1 95 70 231 231
0013_0072_0219_0127_0127.jpg 1 72 219 127 127
0014_0235_0081_0275_0275.jpg 1 235 81 275 275
0001_0061_0033_0261_0261.jpg 1 61 33 261 261
0002_0386_0036_0091_0091.jpg 1 386 36 91 91
0003_0222_0151_0090_0090.jpg 1 222 151 90 90
0004_0080_0057_0072_0072.jpg 1 80 57 72 72
0005_0184_0156_0224_0224.jpg 1 184 156 224 224
0006_0208_0061_0255_0255.jpg 1 208 61 255 255
0007_0140_0093_0136_0136.jpg 1 140 93 136 136
0008_0115_0111_0223_0223.jpg 1 115 111 223 223
0009_0419_0253_0044_0044.jpg 1 419 253 44 44
0010_0291_0142_0080_0080.jpg 1 291 142 80 80
0011_0216_0182_0191_0191.jpg 1 216 182 191 191
0012_0315_0111_0110_0110.jpg 1 315 111 110 110
0013_0412_0234_0117_0117.jpg 1 412 234 117 117
0014_0301_0107_0275_0275.jpg 1 301 107 275 275
0001_0051_0052_0177_0177.jpg 1 51 52 177 177
0002_0321_0016_0272_0272.jpg 1 321 16 272 272
0003_0256_0103_0222_0222.jpg 1 256 103 222 222
0004_0325_0132_0124_0124.jpg 1 325 132 124 124
0005_0515_0223_0029_0029.jpg 1 515 223 29 29
0006_0511_0045_0026_0026.jpg 1 511 45 26 26
0007_0122_0146_0105_0105.jpg 1 122 146 105 105
0008_0219_0063_0192_0192.jpg 1 219 63 192 192
0009_0392_0067_0177_0177.jpg 1 392 67 177 177
0010_0164_0067_0264_0264.jpg 1 164 67 264 264
0011_0068_0173_0170_0170.jpg 1 68 173 170 170
0012_0127_0076_0130_0130.jpg 1 127 76 130 130
0013_0299_0095_0169_0169.jpg 1 299 95 169 169
0014_0251_0076_0176_0176.jpg 1 251 76 176 176
0001_0219_0101_0278_0278.jpg 1 219 101 278 278
0002_0227_0204_0111_0111.jpg 1 227 204 111 111
0003_0114_0164_0062_0062.jpg 1 114 164 62 62
0004_0321_0094_0241_0241.jpg 1 321 94 241 241
0005_0056_0172_0146_0146.jpg 1 56 172 146 146
0006_0086_0016_0264_0264.jpg 1 86 16 264 264
0007_0309_0165_0180_0180.jpg 1 309 165 180 180
0008_0206_0029_0164_0164.jpg 1 206 29 164 164
0009_0268_0040_0207_0207.jpg 1 268 40 207 207
0010_0244_0081_0198_0198.jpg 1 244 81 198 198
0011_0210_0123_0065_0065.jpg 1 210 123 65 65
0012_0104_0097_0223_0223.jpg 1 104 97 223 223
0013_0356_0083_0229_0229.jpg 1 356 83 229 229
0014_0394_0171_0095_0095.jpg 1 394 171 95 95
0001_0149_0061_0239_0239.jpg 1 149 61 239 239
0002_0086_0053_0025_0025.jpg 1 86 53 25 25
0003_0455_0198_0092_0092.jpg 1 455 198 92 92
0004_0195_0048_0245_0245.jpg 1 195 48 245 245
0005_0071_0075_0226_0226.jpg 1 71 75 226 226
0006_0268_0058_0203_0203.jpg 1 268 58 203 203
0007_0053_0020_0245_0245.jpg 1 53 20 245 245
0008_0068_0097_0156_0156.jpg 1 68 97 156 156
0009_0499_0233_0052_0052.jpg 1 499 233 52 52
0010_0156_0153_0128_0128.jpg 1 156 153 128 128
0011_0448_0127_0118_0118.jpg 1 448 127 118 118
0012_0104_0041_0070_0070.jpg 1 104 41 70 70
0013_0245_0032_0207_0207.jpg 1 245 32 207 207
0014_0351_0152_0175_0175.jpg 1 351 152 175 175
0001_0204_0184_0195_0195.jpg 1 204 184 195 195
0002_0061_0105_0182_0182.jpg 1 61 105 182 182
0003_0161_0106_0213_0213.jpg 1 161 106 213 213
0004_0381_0137_0191_0191.jpg 1 381 137 191 191
0005_0411_0107_0124_0124.jpg 1 411 107 124 124
0006_0211_0024_0167_0167.jpg 1 211 24 167 167
0007_0210_0138_0172_0172.jpg 1 210 138 172 172
0008_0320_0043_0129_0129.jpg 1 320 43 129 129
0009_0125_0028_0227_0227.jpg 1 125 28 227 227
0010_0250_0208_0101_0101.jpg 1 250 208 101 101
0011_0291_0118_0123_0123.jpg 1 291 118 123 123
0012_0279_0270_0059_0059.jpg 1 279 270 59 59
0013_0351_0090_0092_0092.jpg 1 351 90 92 92
0014_0145_0106_0271_0271.jpg 1 145 106 271 271
0001_0341_0057_0261_0261.jpg 1 341 57 261 261
0002_0461_0214_0060_0060.jpg 1 461 214 60 60
0003_0215_0150_0230_0230.jpg 1 215 150 230 230
0004_0220_0028_0217_0217.jpg 1 220 28 217 217
0005_0283_0035_0083_0083.jpg 1 283 35 83 83
0006_0275_0164_0089_0089.jpg 1 275 164 89 89
0007_0084_0143_0121_0121.jpg 1 84 143 121 121
0008_0061_0194_0172_0172.jpg 1 61 194 172 172
0009_0209_0073_0274_0274.jpg 1 209 73 274 274
0010_0527_0279_0040_0040.jpg 1 527 279 40 40
0011_0134_0025_0156_0156.jpg 1 134 25 156 156
0012_0220_0221_0053_0053.jpg 1 220 221 53 53
0013_0123_0071_0268_0268.jpg 1 123 71 268 268
0001_0172_0204_0123_0123.jpg 1 172 204 123 123
0002_0085_0159_0027_0027.jpg 1 85 159 27 27
0003_0352_0097_0147_0147.jpg 1 352 97 147 147
0004_0073_0093_0214_0214.jpg 1 73 93 214 214
0005_0314_0066_0194_0194.jpg 1 314 66 194 194
0006_0340_0134_0181_0181.jpg 1 340 134 181 181
0007_0103_0284_0039_0039.jpg 1 103 284 39 39
0008_0276_0079_0232_0232.jpg 1 276 79 232 232
0009_0243_0052_0063_0063.jpg 1 243 52 63 63
0010_0244_0292_0048_0048.jpg 1 244 292 48 48
0011_0196_0159_0151_0151.jpg 1 196 159 151 151
0012_0362_0225_0124_0124.jpg 1 362 225 124 124
0013_0308_0154_0129_0129.jpg 1 308 154 129 129
0014_0065_0051_0252_0252.jpg 1 65 51 252 252
0001_0246_0090_0109_0109.jpg 1 246 90 109 109
0002_0304_0204_0133_0133.jpg 1 304 204 133 133
0003_0373_0128_0197_0197.jpg 1 373 128 197 197
0004_0284_0041_0080_0080.jpg 1 284 41 80 80
0005_0377_0137_0035_0035.jpg 1 377 137 35 35
0006_0071_0068_0164_0164.jpg 1 71 68 164 164
0007_0407_0136_0153_0153.jpg 1 407 136 153 153
0008_0208_0171_0150_0150.jpg 1 208 171 150 150
0009_0253_0098_0266_0266.jpg 1 253 98 266 266
0010_0406_0111_0070_0070.jpg 1 406 111 70 70
0011_0364_0155_0188_0188.jpg 1 364 155 188 188
0012_0318_0173_0035_0035.jpg 1 318 173 35 35
0013_0295_0073_0278_0278.jpg 1 295 73 278 278
0014_0267_0091_0124_0124.jpg 1 267 91 124 124
0001_0114_0166_0056_0056.jpg 1 114 166 56 56
0002_0289_0103_0164_0164.jpg 1 289 103 164 164
0003_0265_0114_0144_0144.jpg 1 265 114 144 144
0004_0249_0109_0077_0077.jpg 1 249 109 77 77
0005_0166_0022_0258_0258.jpg 1 166 22 258 258
0006_0061_0249_0095_0095.jpg 1 61 249 95 95
0007_0390_0197_0174_0174.jpg 1 390 197 174 174
0008_0353_0204_0074_0074.jpg 1 353 204 74 74
0009_0125_0041_0103_0103.jpg 1 125 41 103 103
0010_0418_0191_0136_0136.jpg 1 418 191 136 136
0011_0063_0013_0271_0271.jpg 1 63 13 271 271
0012_0119_0110_0136_0136.jpg 1 119 110 136 136
0013_0389_0249_0047_0047.jpg 1 389 249 47 47
0014_0158_0072_0167_0167.jpg 1 158 72 167 167
0001_0183_0077_0189_0189.jpg 1 183 77 189 189
0002_0062_0018_0243_0243.jpg 1 62 18 243 243
0003_0369_0260_0033_0033.jpg 1 369 260 33 33
0004_0144_0182_0109_0109.jpg 1 144 182 109 109
0005_0119_0135_0106_0106.jpg 1 119 135 106 106
0006_0215_0167_0204_0204.jpg 1 215 167 204 204
0007_0272_0109_0094_0094.jpg 1 272 109 94 94
0008_0393_0105_0113_0113.jpg 1 393 105 113 113
0009_0167_0034_0074_0074.jpg 1 167 34 74 74
0010_0099_0071_0256_0256.jpg 1 99 71 256 256
0011_0088_0146_0124_0124.jpg 1 88 146 124 124
0012_0325_0032_0161_0161.jpg 1 325 32 161 161
0013_0305_0072_0066_0066.jpg 1 305 72 66 66
0014_0165_0133_0219_0219.jpg 1 165 133 219 219
0001_0124_0112_0123_0123.jpg 1 124 112 123 123
0002_0408_0134_0174_0174.jpg 1 408 134 174 174
0003_0179_0139_0039_0039.jpg 1 179 139 39 39
0004_0218_0106_0243_0243.jpg 1 218 106 243 243
0005_0118_0217_0114_0114.jpg 1 118 217 114 114
0006_0186_0063_0067_0067.jpg 1 186 63 67 67
0007_0372_0124_0219_0219.jpg 1 372 124 219 219
0008_0187_0172_0176_0176.jpg 1 187 172 176 176
0009_0248_0097_0263_0263.jpg 1 248 97 263 263
0010_0154_0191_0173_0173.jpg 1 154 191 173 173
0011_0273_0100_0279_0279.jpg 1 273 100 279 279
0012_0067_0184_0060_0060.jpg 1 67 184 60 60
0013_0128_0104_0081_0081.jpg 1 128 104 81 81
0001_0294_0109_0233_0233.jpg 1 294 109 233 233
0002_0241_0107_0216_0216.jpg 1 241 107 216 216
0003_0314_0182_0171_0171.jpg 1 314 182 171 171
0004_0202_0111_0039_0039.jpg 1 202 111 39 39
0005_0182_0099_0219_0219.jpg 1 182 99 219 219
0006_0122_0045_0265_0265.jpg 1 122 45 265 265
0007_0177_0263_0091_0091.jpg 1 177 263 91 91
0008_0058_0020_0247_0247.jpg 1 58 20 247 247
0009_0352_0238_0114_0114.jpg 1 352 238 114 114
0010_0142_0136_0063_0063.jpg 1 142 136 63 63
0011_0431_0073_0160_0160.jpg 1 431 73 160 160
0012_0336_0283_0066_0066.jpg 1 336 283 66 66
0013_0416_0177_0152_0152.jpg 1 416 177 152 152
0014_0135_0051_0200_0200.jpg 1 135 51 200 200
0001_0086_0080_0150_0150.jpg 1 86 80 150 150
0002_0411_0281_0031_0031.jpg 1 411 281 31 31
0003_0491_0294_0066_0066.jpg 1 491 294 66 66
0004_0153_0058_0247_0247.jpg 1 153 58 247 247
0005_0146_0137_0199_0199.jpg 1 146 137 199 199
0006_0267_0173_0173_0173.jpg 1 267 173 173 173
0007_0057_0138_0227_0227.jpg 1 57 138 227 227
0008_0160_0049_0253_0253.jpg 1 160 49 253 253
0009_0044_0112_0233_0233.jpg 1 44 112 233 233
0010_0092_0123_0050_0050.jpg 1 92 123 50 50
0011_0198_0052_0246_0246.jpg 1 198 52 246 246
0012_0211_0154_0140_0140.jpg 1 211 154 140 140
0013_0221_0099_0035_0035.jpg 1 221 99 35 35
0014_0259_0112_0180_0180.jpg 1 259 112 180 180
0001_0169_0053_0189_0189.jpg 1 169 53 189 189
0002_0484_0063_0035_0035.jpg 1 484 63 35 35
0003_0409_0071_0167_0167.jpg 1 409 71 167 167
0004_0100_0125_0244_0244.jpg 1 100 125 244 244
0005_0513_0313_0032_0032.jpg 1 513 313 32 32
0006_0339_0042_0241_0241.jpg 1 339 42 241 241
0007_0405_0099_0131_0131.jpg 1 405 99 131 131
0008_0461_0197_0045_0045.jpg 1 461 197 45 45
0009_0289_0142_0167_0167.jpg 1 289 142 167 167
0010_0207_0033_0259_0259.jpg 1 207 33 259 259
0011_0274_0200_0172_0172.jpg 1 274 200 172 172
0012_0112_0092_0247_0247.jpg 1 112 92 247 247
0013_0189_0083_0255_0255.jpg 1 189 83 255 255
0014_0352_0222_0114_0114.jpg 1 352 222 114 114
0001_0546_0057_0032_0032.jpg 1 546 57 32 32
0002_0044_0055_0205_0205.jpg 1 44 55 205 205
0003_0065_0089_0248_0248.jpg 1 65 89 248 248
0004_0169_0130_0209_0209.jpg 1 169 130 209 209
0005_0261_0173_0190_0190.jpg 1 261 173 190 190
0006_0335_0095_0248_0248.jpg 1 335 95 248 248
0007_0522_0197_0040_0040.jpg 1 522 197 40 40
0008_0306_0130_0083_0083.jpg 1 306 130 83 83
0009_0092_0142_0219_0219.jpg 1 92 142 219 219
0010_0166_0185_0130_0130.jpg 1 166 185 130 130
0011_0195_0085_0074_0074.jpg 1 195 85 74 74
0012_0390_0062_0205_0205.jpg 1 390 62 205 205
0013_0113_0105_0152_0152.jpg 1 113 105 152 152
0014_0235_0129_0252_0252.jpg 1 235 129 252 252
0001_0196_0291_0027_0027.jpg 1 196 291 27 27
0002_0308_0106_0206_0206.jpg 1 308 106 206 206
0003_0266_0058_0224_0224.jpg 1 266 58 224 224
0004_0087_0051_0167_0167.jpg 1 87 51 167 167
0005_0276_0134_0156_0156.jpg 1 276 134 156 156
0006_0205_0070_0226_0226.jpg 1 205 70 226 226
0007_0195_0131_0209_0209.jpg 1 195 131 209 209
0008_0144_0135_0124_0124.jpg 1 144 135 124 124
0009_0488_0207_0069_0069.jpg 1 488 207 69 69
0010_0234_0256_0089_0089.jpg 1 234 256 89 89
0011_0269_0027_0274_0274.jpg 1 269 27 274 274
0012_0342_0036_0099_0099.jpg 1 342 36 99 99
0013_0208_0143_0182_0182.jpg 1 208 143 182 182
0014_0182_0141_0032_0032.jpg 1 182 141 32 32
0001_0187_0123_0121_0121.jpg 1 187 123 121 121
0002_0280_0127_0232_0232.jpg 1 280 127 232 232
0003_0423_0202_0136_0136.jpg 1 423 202 136 136
0004_0247_0057_0194_0194.jpg 1 247 57 194 194
0005_0163_0039_0241_0241.jpg 1 163 39 241 241
0006_0342_0075_0089_0089.jpg 1 342 75 89 89
0007_0356_0115_0149_0149.jpg 1 356 115 149 149
0008_0132_0149_0219_0219.jpg 1 132 149 219 219
0009_0112_0083_0081_0081.jpg 1 112 83 81 81
0010_0156_0034_0157_0157.jpg 1 156 34 157 157
0011_0057_0152_0070_0070.jpg 1 57 152 70 70
0012_0423_0160_0146_0146.jpg 1 423 160 146 146
0013_0378_0221_0118_0118.jpg 1 378 221 118 118
0014_0242_0206_0157_0157.jpg 1 242 206 157 157
0001_0380_0147_0155_0155.jpg 1 380 147 155 155
0002_0249_0136_0237_0237.jpg 1 249 136 237 237
0003_0289_0106_0084_0084.jpg 1 289 106 84 84
0004_0075_0078_0278_0278.jpg 1 75 78 278 278
0005_0063_0192_0042_0042.jpg 1 63 192 42 42
0006_0067_0082_0138_0138.jpg 1 67 82 138 138
0007_0089_0162_0104_0104.jpg 1 89 162 104 104
0008_0479_0229_0065_0065.jpg 1 479 229 65 65
0009_0324_0207_0132_0132.jpg 1 324 207 132 132
0010_0105_0106_0190_0190.jpg 1 105 106 190 190
0011_0211_0032_0269_0269.jpg 1 211 32 269 269
0012_0216_0024_0266_0266.jpg 1 216 24 266 266
0013_0313_0205_0157_0157.jpg 1 313 205 157 157
0014_0098_0085_0262_0262.jpg 1 98 85 262 262
0001_0155_0042_0106_0106.jpg 1 155 42 106 106
0002_0410_0168_0138_0138.jpg 1 410 168 138 138
0003_0078_0138_0052_0052.jpg 1 78 138 52 52
0004_0432_0035_0054_0054.jpg 1 432 35 54 54
0005_0144_0042_0158_0158.jpg 1 144 42 158 158
0006_0347_0044_0196_0196.jpg 1 347 44 196 196
0007_0251_0079_0040_0040.jpg 1 251 79 40 40
0008_0060_0042_0255_0255.jpg 1 60 42 255 255
0009_0191_0090_0236_0236.jpg 1 191 90 236 236
0010_0279_0055_0156_0156.jpg 1 279 55 156 156
0011_0341_0140_0223_0223.jpg 1 341 140 223 223
0012_0382_0253_0104_0104.jpg 1 382 253 104 104
0013_0335_0127_0126_0126.jpg 1 335 127 126 126
0014_0352_0164_0157_0157.jpg 1 352 164 157 157
0001_0251_0194_0095_0095.jpg 1 251 194 95 95
0002_0369_0177_0071_0071.jpg 1 369 177 71 71
0003_0233_0201_0103_0103.jpg 1 233 201 103 103
0004_0436_0140_0055_0055.jpg 1 436 140 55 55
0005_0040_0061_0231_0231.jpg 1 40 61 231 231
0006_0468_0232_0079_0079.jpg 1 468 232 79 79
0007_0405_0236_0126_0126.jpg 1 405 236 126 126
0008_0259_0111_0270_0270.jpg 1 259 111 270 270
0009_0090_0313_0033_0033.jpg 1 90 313 33 33
0010_0140_0281_0058_0058.jpg 1 140 281 58 58
0011_0370_0134_0199_0199.jpg 1 370 134 199 199
0012_0142_0122_0065_0065.jpg 1 142 122 65 65
0013_0144_0151_0214_0214.jpg 1 144 151 214 214
0014_0186_0198_0072_0072.jpg 1 186 198 72 72
0001_0364_0120_0156_0156.jpg 1 364 120 156 156
0002_0417_0216_0159_0159.jpg 1 417 216 159 159
0003_0330_0061_0220_0220.jpg 1 330 61 220 220
0004_0369_0163_0034_0034.jpg 1 369 163 34 34
0005_0309_0028_0234_0234.jpg 1 309 28 234 234
0006_0321_0203_0070_0070.jpg 1 321 203 70 70
0007_0121_0112_0062_0062.jpg 1 121 112 62 62
0008_0195_0245_0098_0098.jpg 1 195 245 98 98
0009_0361_0167_0173_0173.jpg 1 361 167 173 173
0010_0120_0229_0093_0093.jpg 1 120 229 93 93
0011_0473_0126_0107_0107.jpg 1 473 126 107 107
0012_0088_0318_0033_0033.jpg 1 88 318 33 33
0013_0163_0295_0052_0052.jpg 1 163 295 52 52
0014_0302_0160_0197_0197.jpg 1 302 160 197 197
0001_0300_0031_0216_0216.jpg 1 300 31 216 216
0002_0097_0185_0148_0148.jpg 1 97 185 148 148
0003_0356_0132_0066_0066.jpg 1 356 132 66 66
0004_0351_0075_0247_0247.jpg 1 351 75 247 247
0005_0081_0102_0111_0111.jpg 1 81 102 111 111
0006_0128_0155_0207_0207.jpg 1 128 155 207 207
0007_0175_0071_0238_0238.jpg 1 175 71 238 238
0008_0137_0183_0194_0194.jpg 1 137 183 194 194
0009_0363_0192_0042_0042.jpg 1 363 192 42 42
0010_0268_0117_0123_0123.jpg 1 268 117 123 123
0011_0053_0127_0213_0213.jpg 1 53 127 213 213
0012_0299_0095_0226_0226.jpg 1 299 95 226 226
0013_0055_0048_0223_0223.jpg 1 55 48 223 223
0014_0073_0047_0037_0037.jpg 1 73 47 37 37
0001_0329_0090_0100_0100.jpg 1 329 90 100 100
0002_0358_0094_0120_0120.jpg 1 358 94 120 120
0003_0115_0038_0135_0135.jpg 1 115 38 135 135
0004_0083_0080_0108_0108.jpg 1 83 80 108 108
0005_0434_0223_0072_0072.jpg 1 434 223 72 72
0006_0251_0317_0032_0032.jpg 1 251 317 32 32
0007_0493_0042_0043_0043.jpg 1 493 42 43 43
0008_0228_0129_0142_0142.jpg 1 228 129 142 142
0009_0155_0083_0244_0244.jpg 1 155 83 244 244
0010_0235_0184_0164_0164.jpg 1 235 184 164 164
0011_0435_0157_0127_0127.jpg 1 435 157 127 127
0012_0490_0247_0049_0049.jpg 1 490 247 49 49
0013_0062_0191_0144_0144.jpg 1 62 191 144 144
0014_0369_0102_0030_0030.jpg 1 369 102 30 30
0001_0507_0123_0032_0032.jpg 1 507 123 32 32
0002_0114_0141_0047_0047.jpg 1 114 141 47 47
0003_0347_0050_0133_0133.jpg 1 347 50 133 133
0004_0153_0113_0228_0228.jpg 1 153 113 228 228
0005_0149_0153_0050_0050.jpg 1 149 153 50 50
0006_0357_0059_0211_0211.jpg 1 357 59 211 211
0007_0393_0074_0148_0148.jpg 1 393 74 148 148
0008_0321_0032_0272_0272.jpg 1 321 32 272 272
0009_0078_0185_0157_0157.jpg 1 78 185 157 157
0010_0414_0039_0037_0037.jpg 1 414 39 37 37
0011_0155_0127_0131_0131.jpg 1 155 127 131 131
0012_0145_0105_0231_0231.jpg 1 145 105 231 231
0013_0164_0091_0215_0215.jpg 1 164 91 215 215
0014_0359_0163_0051_0051.jpg 1 359 163 51 51
0001_0210_0132_0228_0228.jpg 1 210 132 228 228
0002_0311_0132_0137_0137.jpg 1 311 132 137 137
0003_0365_0199_0025_0025.jpg 1 365 199 25 25
0004_0051_0110_0135_0135.jpg 1 51 110 135 135
0005_0253_0100_0244_0244.jpg 1 253 100 244 244
0006_0358_0068_0156_0156.jpg 1 358 68 156 156
0007_0311_0030_0166_0166.jpg 1 311 30 166 166
0008_0244_0244_0066_0066.jpg 1 244 244 66 66
0009_0102_0229_0107_0107.jpg 1 102 229 107 107
0010_0178_0036_0117_0117.jpg 1 178 36 117 117
0011_0299_0038_0152_0152.jpg 1 299 38 152 152
0012_0324_0190_0035_0035.jpg 1 324 190 35 35
0013_0100_0029_0249_0249.jpg 1 100 29 249 249
0014_0339_0194_0104_0104.jpg 1 339 194 104 104
0001_0323_0245_0033_0033.jpg 1 323 245 33 33
0002_0127_0152_0159_0159.jpg 1 127 152 159 159
0003_0285_0092_0246_0246.jpg 1 285 92 246 246
0004_0365_0023_0206_0206.jpg 1 365 23 206 206
0005_0205_0124_0144_0144.jpg 1 205 124 144 144
0006_0317_0039_0100_0100.jpg 1 317 39 100 100
0007_0194_0137_0042_0042.jpg 1 194 137 42 42
0008_0404_0082_0121_0121.jpg 1 404 82 121 121
0009_0424_0101_0106_0106.jpg 1 424 101 106 106
0010_0351_0224_0142_0142.jpg 1 351 224 142 142
0011_0170_0098_0226_0226.jpg 1 170 98 226 226
0012_0307_0135_0212_0212.jpg 1 307 135 212 212
0013_0281_0101_0227_0227.jpg 1 281 101 227 227
0014_0169_0092_0117_0117.jpg 1 169 92 117 117
0001_0211_0065_0145_0145.jpg 1 211 65 145 145
0002_0254_0091_0239_0239.jpg 1 254 91 239 239
0003_0159_0080_0036_0036.jpg 1 159 80 36 36
0004_0258_0023_0197_0197.jpg 1 258 23 197 197
0005_0355_0126_0235_0235.jpg 1 355 126 235 235
0006_0337_0068_0101_0101.jpg 1 337 68 101 101
0007_0078_0075_0192_0192.jpg 1 78 75 192 192
0008_0202_0095_0138_0138.jpg 1 202 95 138 138
0009_0246_0093_0167_0167.jpg 1 246 93 167 167
0010_0120_0022_0238_0238.jpg 1 120 22 238 238
0011_0121_0088_0182_0182.jpg 1 121 88 182 182
0012_0093_0014_0271_0271.jpg 1 93 14 271 271
0013_0159_0050_0214_0214.jpg 1 159 50 214 214
0014_0182_0124_0058_0058.jpg 1 182 124 58 58
0001_0316_0098_0272_0272.jpg 1 316 98 272 272
0002_0225_0172_0061_0061.jpg 1 225 172 61 61
0003_0245_0081_0028_0028.jpg 1 245 81 28 28
0004_0267_0069_0183_0183.jpg 1 267 69 183 183
0005_0132_0271_0040_0040.jpg 1 132 271 40 40
0006_0348_0131_0042_0042.jpg 1 348 131 42 42
0007_0353_0035_0245_0245.jpg 1 353 35 245 245
0008_0303_0037_0268_0268.jpg 1 303 37 268 268
0009_0418_0133_0078_0078.jpg 1 418 133 78 78
0010_0240_0154_0097_0097.jpg 1 240 154 97 97
0011_0348_0217_0035_0035.jpg 1 348 217 35 35
0012_0195_0024_0178_0178.jpg 1 195 24 178 178
0013_0374_0202_0169_0169.jpg 1 374 202 169 169
0014_0257_0062_0114_0114.jpg 1 257 62 114 114
0001_0184_0057_0255_0255.jpg 1 184 57 255 255
0002_0323_0199_0074_0074.jpg 1 323 199 74 74
0003_0293_0222_0046_0046.jpg 1 293 222 46 46
0004_0290_0104_0257_0257.jpg 1 290 104 257 257
0005_0260_0043_0140_0140.jpg 1 260 43 140 140
0006_0115_0069_0086_0086.jpg 1 115 69 86 86
0007_0299_0094_0243_0243.jpg 1 299 94 243 243
0008_0156_0298_0046_0046.jpg 1 156 298 46 46
0009_0283_0100_0183_0183.jpg 1 283 100 183 183
0010_0540_0097_0025_0025.jpg 1 540 97 25 25
0011_0524_0086_0028_0028.jpg 1 524 86 28 28
0012_0268_0105_0172_0172.jpg 1 268 105 172 172
0013_0241_0174_0152_0152.jpg 1 241 174 152 152
0014_0134_0123_0210_0210.jpg 1 134 123 210 210
0001_0327_0111_0273_0273.jpg 1 327 111 273 273
0002_0073_0221_0142_0142.jpg 1 73 221 142 142
0003_0269_0156_0152_0152.jpg 1 269 156 152 152
0004_0284_0121_0179_0179.jpg 1 284 121 179 179
0005_0220_0108_0121_0121.jpg 1 220 108 121 121
0006_0133_0053_0147_0147.jpg 1 133 53 147 147
0007_0275_0119_0237_0237.jpg 1 275 119 237 237
0008_0079_0080_0141_0141.jpg 1 79 80 141 141
0009_0313_0114_0242_0242.jpg 1 313 114 242 242
0010_0062_0232_0101_0101.jpg 1 62 232 101 101
0011_0069_0090_0256_0256.jpg 1 69 90 256 256
0012_0096_0076_0224_0224.jpg 1 96 76 224 224
0013_0415_0110_0054_0054.jpg 1 415 110 54 54
0014_0056_0113_0267_0267.jpg 1 56 113 267 267
0001_0418_0094_0095_0095.jpg 1 418 94 95 95
0002_0078_0057_0218_0218.jpg 1 78 57 218 218
0003_0214_0078_0123_0123.jpg 1 214 78 123 123
0004_0304_0109_0214_0214.jpg 1 304 109 214 214
0005_0494_0148_0029_0029.jpg 1 494 148 29 29
0006_0223_0083_0104_0104.jpg 1 223 83 104 104
0007_0420_0104_0065_0065.jpg 1 420 104 65 65
0008_0221_0115_0227_0227.jpg 1 221 115 227 227
0009_0348_0159_0096_0096.jpg 1 348 159 96 96
0010_0110_0257_0114_0114.jpg 1 110 257 114 114
0011_0214_0076_0278_0278.jpg 1 214 76 278 278
0012_0192_0029_0225_0225.jpg 1 192 29 225 225
0013_0310_0048_0060_0060.jpg 1 310 48 60 60
0014_0361_0316_0030_0030.jpg 1 361 316 30 30
