1.jpg 1 128 437 1113 680
10.jpg 1 144 467 1092 668
100.jpg 1 172 513 1108 678
101.jpg 1 176 490 1094 696
102.jpg 1 172 462 1090 721
103.jpg 1 167 453 1094 726
104.jpg 1 169 446 1092 739
105.jpg 1 167 465 1097 730
106.jpg 1 174 469 1087 733
107.jpg 1 179 472 1076 730
108.jpg 1 181 458 1076 735
109.jpg 1 183 456 1078 728
11.jpg 1 130 474 1103 675
110.jpg 1 190 456 1069 728
111.jpg 1 192 440 1071 730
112.jpg 1 199 430 1062 739
113.jpg 1 192 424 1069 742
114.jpg 1 195 412 1067 739
115.jpg 1 195 401 1067 737
116.jpg 1 192 387 1065 733
117.jpg 1 192 389 1055 707
118.jpg 1 188 380 1060 694
119.jpg 1 188 373 1060 691
12.jpg 1 144 485 1094 675
120.jpg 1 179 364 1081 696
121.jpg 1 188 350 1062 701
122.jpg 1 183 355 1067 694
123.jpg 1 185 359 1060 680
124.jpg 1 179 357 1074 680
125.jpg 1 188 359 1062 668
126.jpg 1 179 357 1069 671
127.jpg 1 174 353 1071 659
128.jpg 1 174 350 1074 662
129.jpg 1 179 357 1067 650
13.jpg 1 144 485 1101 668
130.jpg 1 174 359 1081 646
131.jpg 1 172 369 1076 641
132.jpg 1 183 371 1062 630
133.jpg 1 183 378 1074 620
134.jpg 1 179 378 1087 623
135.jpg 1 190 389 1069 598
136.jpg 1 195 394 1078 579
137.jpg 1 183 396 1085 593
138.jpg 1 176 389 1092 609
139.jpg 1 185 375 1081 623
14.jpg 1 147 485 1101 675
140.jpg 1 190 364 1076 627
141.jpg 1 176 341 1092 662
142.jpg 1 179 334 1101 678
143.jpg 1 185 323 1078 668
144.jpg 1 185 300 1083 701
145.jpg 1 176 286 1087 694
146.jpg 1 169 268 1097 710
147.jpg 1 169 263 1087 712
148.jpg 1 176 261 1083 721
149.jpg 1 174 263 1083 719
15.jpg 1 151 483 1087 689
150.jpg 1 176 259 1083 719
151.jpg 1 179 256 1081 719
152.jpg 1 179 243 1081 733
153.jpg 1 172 238 1087 739
154.jpg 1 163 234 1090 749
155.jpg 1 172 236 1078 739
156.jpg 1 174 243 1081 746
157.jpg 1 174 252 1085 742
158.jpg 1 174 250 1081 758
159.jpg 1 174 261 1085 753
16.jpg 1 149 488 1090 675
160.jpg 1 183 272 1085 749
161.jpg 1 181 275 1078 753
162.jpg 1 181 279 1083 758
163.jpg 1 179 288 1090 755
164.jpg 1 174 286 1092 760
165.jpg 1 165 286 1101 758
166.jpg 1 156 279 1108 772
167.jpg 1 144 266 1119 781
168.jpg 1 149 250 1119 781
169.jpg 1 142 229 1122 783
17.jpg 1 140 483 1103 694
170.jpg 1 144 224 1119 781
171.jpg 1 140 213 1131 783
172.jpg 1 137 204 1129 783
173.jpg 1 135 199 1126 778
174.jpg 1 337 254 639 964
175.jpg 1 366 263 598 955
176.jpg 1 359 266 607 968
177.jpg 1 371 268 598 955
178.jpg 1 375 277 598 957
179.jpg 1 378 284 602 929
18.jpg 1 147 485 1094 682
180.jpg 1 371 295 625 897
181.jpg 1 382 291 607 891
182.jpg 1 382 291 611 870
183.jpg 1 387 293 604 863
184.jpg 1 387 293 604 863
185.jpg 1 387 298 609 870
186.jpg 1 391 295 604 863
187.jpg 1 394 295 602 859
188.jpg 1 391 307 607 865
189.jpg 1 394 314 600 856
19.jpg 1 142 478 1108 689
190.jpg 1 396 318 602 838
191.jpg 1 396 325 600 826
192.jpg 1 398 327 600 824
193.jpg 1 394 337 600 810
194.jpg 1 403 348 584 790
195.jpg 1 403 359 581 788
196.jpg 1 405 362 584 790
197.jpg 1 403 357 588 797
198.jpg 1 403 348 588 765
199.jpg 1 405 341 588 762
2.jpg 1 121 440 1122 678
20.jpg 1 137 485 1106 685
21.jpg 1 144 474 1101 691
22.jpg 1 144 474 1097 685
23.jpg 1 144 465 1099 689
24.jpg 1 140 465 1103 694
25.jpg 1 140 456 1103 698
26.jpg 1 135 444 1113 701
27.jpg 1 142 449 1103 687
28.jpg 1 151 451 1097 691
284.jpg 1 426 176 698 1000
285.jpg 1 419 176 703 1010
286.jpg 1 421 181 701 1005
287.jpg 1 433 185 682 1003
288.jpg 1 424 183 691 1003
289.jpg 1 428 190 685 1003
29.jpg 1 149 449 1099 682
290.jpg 1 426 179 687 1012
291.jpg 1 426 185 691 994
292.jpg 1 435 197 675 984
293.jpg 1 437 201 666 975
294.jpg 1 428 195 680 994
295.jpg 1 430 201 668 982
296.jpg 1 419 220 673 959
297.jpg 1 430 229 666 943
298.jpg 1 424 229 671 939
299.jpg 1 433 217 659 932
3.jpg 1 135 444 1108 675
30.jpg 1 144 444 1103 680
31.jpg 1 149 442 1094 675
32.jpg 1 144 451 1097 666
33.jpg 1 149 449 1090 662
34.jpg 1 151 453 1092 643
35.jpg 1 140 451 1103 627
36.jpg 1 158 440 1090 634
37.jpg 1 153 442 1094 634
370.jpg 1 430 307 712 735
371.jpg 1 433 316 710 733
373.jpg 1 428 318 710 749
374.jpg 1 424 314 714 762
378.jpg 1 421 272 696 820
38.jpg 1 153 446 1099 625
381.jpg 1 426 229 691 875
382.jpg 1 428 224 694 884
39.jpg 1 153 442 1101 639
395.jpg 1 476 199 675 1003
396.jpg 1 474 208 673 1005
397.jpg 1 476 208 673 1019
398.jpg 1 472 211 682 1021
399.jpg 1 478 206 675 1021
4.jpg 1 130 444 1115 678
40.jpg 1 160 446 1101 630
400.jpg 1 478 192 678 1028
401.jpg 1 478 183 682 1032
402.jpg 1 478 167 696 1049
41.jpg 1 153 446 1113 620
42.jpg 1 156 453 1113 630
43.jpg 1 160 453 1106 648
44.jpg 1 156 460 1117 650
45.jpg 1 156 435 1122 678
46.jpg 1 158 433 1117 682
47.jpg 1 153 449 1117 673
48.jpg 1 158 462 1110 673
49.jpg 1 156 469 1115 666
5.jpg 1 133 440 1115 687
50.jpg 1 165 472 1099 666
51.jpg 1 163 474 1101 662
52.jpg 1 163 469 1103 666
53.jpg 1 165 462 1101 678
54.jpg 1 163 453 1106 685
55.jpg 1 165 446 1101 696
56.jpg 1 165 451 1106 694
57.jpg 1 169 451 1099 694
58.jpg 1 172 449 1101 705
59.jpg 1 176 446 1097 714
6.jpg 1 140 453 1108 673
60.jpg 1 174 442 1106 717
61.jpg 1 179 435 1101 723
62.jpg 1 174 430 1108 728
63.jpg 1 174 424 1106 735
64.jpg 1 174 419 1110 742
65.jpg 1 176 417 1113 742
66.jpg 1 185 417 1106 746
67.jpg 1 181 412 1103 749
68.jpg 1 183 417 1101 746
69.jpg 1 185 417 1099 742
7.jpg 1 135 462 1108 659
70.jpg 1 195 417 1090 739
71.jpg 1 190 412 1092 742
72.jpg 1 195 410 1090 739
73.jpg 1 195 410 1097 735
74.jpg 1 195 414 1099 730
75.jpg 1 201 417 1094 730
76.jpg 1 204 414 1090 730
77.jpg 1 199 421 1092 721
78.jpg 1 201 424 1087 717
79.jpg 1 201 428 1085 707
8.jpg 1 142 460 1097 668
80.jpg 1 201 430 1085 707
81.jpg 1 204 424 1083 712
82.jpg 1 204 435 1090 701
83.jpg 1 204 442 1090 694
84.jpg 1 211 458 1083 694
85.jpg 1 217 481 1071 696
86.jpg 1 217 497 1074 696
87.jpg 1 217 522 1078 687
88.jpg 1 224 545 1083 675
89.jpg 1 224 556 1081 675
9.jpg 1 149 465 1087 666
90.jpg 1 227 572 1081 675
91.jpg 1 220 593 1087 673
92.jpg 1 222 602 1092 671
93.jpg 1 217 609 1092 666
94.jpg 1 217 614 1090 662
95.jpg 1 206 614 1099 655
96.jpg 1 204 604 1097 639
97.jpg 1 195 598 1106 616
98.jpg 1 183 572 1103 618
99.jpg 1 181 538 1099 648