1.jpg 1 343 263 1010 978
10.jpg 1 316 291 1039 948
100.jpg 1 295 334 987 900
101.jpg 1 323 330 982 895
102.jpg 1 325 323 950 907
103.jpg 1 334 321 941 904
104.jpg 1 341 321 934 891
105.jpg 1 339 321 941 900
106.jpg 1 341 300 929 909
107.jpg 1 341 316 948 879
108.jpg 1 343 321 929 886
109.jpg 1 346 323 920 886
11.jpg 1 314 282 1039 946
110.jpg 1 346 321 923 877
111.jpg 1 337 323 923 879
112.jpg 1 321 325 923 881
113.jpg 1 302 325 941 888
114.jpg 1 291 332 925 877
115.jpg 1 268 332 925 886
116.jpg 1 240 346 934 865
117.jpg 1 208 330 927 895
118.jpg 1 188 337 918 886
119.jpg 1 174 330 907 891
12.jpg 1 307 286 1026 936
120.jpg 1 160 334 918 884
121.jpg 1 156 332 920 877
122.jpg 1 153 332 916 870
123.jpg 1 153 327 920 886
124.jpg 1 158 332 907 872
125.jpg 1 158 309 907 886
126.jpg 1 174 325 895 881
127.jpg 1 188 311 893 897
128.jpg 1 192 323 897 891
129.jpg 1 181 300 923 932
13.jpg 1 304 291 1014 932
130.jpg 1 201 321 934 897
131.jpg 1 224 316 909 904
132.jpg 1 224 325 920 893
133.jpg 1 252 323 888 888
134.jpg 1 272 316 891 916
135.jpg 1 282 321 886 900
136.jpg 1 282 321 911 907
137.jpg 1 300 307 916 907
138.jpg 1 309 307 918 902
139.jpg 1 334 304 861 902
14.jpg 1 291 291 1028 916
140.jpg 1 334 304 877 888
141.jpg 1 327 302 872 893
142.jpg 1 304 302 891 881
143.jpg 1 330 288 838 893
144.jpg 1 293 284 868 907
145.jpg 1 291 275 852 904
146.jpg 1 298 284 845 884
147.jpg 1 309 275 838 902
148.jpg 1 334 275 836 911
149.jpg 1 346 282 842 909
15.jpg 1 279 288 1030 929
150.jpg 1 378 284 836 907
151.jpg 1 382 298 842 895
152.jpg 1 405 291 836 911
153.jpg 1 414 300 836 902
154.jpg 1 419 307 854 904
155.jpg 1 430 314 842 891
156.jpg 1 401 309 884 897
157.jpg 1 421 309 856 904
158.jpg 1 428 295 847 913
159.jpg 1 408 288 881 913
16.jpg 1 282 295 1010 929
160.jpg 1 426 307 859 891
161.jpg 1 446 309 842 879
162.jpg 1 430 300 863 891
163.jpg 1 437 295 852 893
164.jpg 1 433 304 861 877
165.jpg 1 430 302 842 872
166.jpg 1 428 300 845 879
167.jpg 1 419 295 865 884
168.jpg 1 424 277 859 923
169.jpg 1 424 291 861 891
17.jpg 1 279 302 1014 913
170.jpg 1 412 314 877 875
171.jpg 1 412 307 875 918
172.jpg 1 403 323 897 895
173.jpg 1 419 337 877 877
174.jpg 1 426 339 888 886
175.jpg 1 456 341 856 893
176.jpg 1 476 341 868 886
177.jpg 1 478 355 891 877
178.jpg 1 485 343 900 877
179.jpg 1 483 343 877 868
18.jpg 1 275 277 1016 952
180.jpg 1 465 339 875 872
181.jpg 1 442 332 861 884
182.jpg 1 424 334 856 868
183.jpg 1 405 334 852 881
184.jpg 1 373 348 893 861
185.jpg 1 382 355 861 845
186.jpg 1 369 343 879 856
187.jpg 1 371 337 859 849
188.jpg 1 382 350 842 836
189.jpg 1 375 343 868 831
19.jpg 1 268 298 1026 918
190.jpg 1 369 339 877 829
191.jpg 1 382 325 859 845
192.jpg 1 378 316 870 842
193.jpg 1 387 330 854 824
194.jpg 1 387 332 852 831
195.jpg 1 396 304 842 856
196.jpg 1 405 311 829 845
197.jpg 1 396 321 852 838
198.jpg 1 408 309 836 840
199.jpg 1 403 314 854 845
2.jpg 1 357 254 1005 989
20.jpg 1 245 302 1071 913
200.jpg 1 410 302 849 849
201.jpg 1 403 300 872 849
202.jpg 1 424 302 831 826
203.jpg 1 424 300 836 833
204.jpg 1 426 293 854 840
205.jpg 1 442 298 826 831
206.jpg 1 446 300 824 826
207.jpg 1 449 316 822 829
208.jpg 1 458 330 822 820
209.jpg 1 453 330 824 831
21.jpg 1 256 298 1037 911
210.jpg 1 458 343 824 813
211.jpg 1 456 339 824 829
212.jpg 1 444 343 822 822
213.jpg 1 417 339 831 833
214.jpg 1 401 332 842 856
215.jpg 1 398 327 859 868
216.jpg 1 410 323 872 879
217.jpg 1 428 325 884 884
218.jpg 1 435 323 895 897
219.jpg 1 444 330 891 884
22.jpg 1 266 304 1032 907
220.jpg 1 453 332 884 881
221.jpg 1 462 327 872 884
222.jpg 1 465 334 881 879
223.jpg 1 478 332 877 893
224.jpg 1 483 325 881 904
225.jpg 1 488 316 884 904
226.jpg 1 483 300 881 918
227.jpg 1 465 300 884 916
228.jpg 1 460 293 865 907
229.jpg 1 449 288 859 907
23.jpg 1 263 304 1028 918
230.jpg 1 449 293 849 893
231.jpg 1 444 282 849 904
232.jpg 1 444 275 861 911
233.jpg 1 444 263 849 934
234.jpg 1 444 261 836 925
235.jpg 1 428 256 831 920
236.jpg 1 419 259 820 904
237.jpg 1 412 259 822 909
238.jpg 1 408 250 815 904
239.jpg 1 394 247 804 900
24.jpg 1 261 295 1039 911
240.jpg 1 378 240 815 900
241.jpg 1 369 236 810 913
242.jpg 1 357 236 813 911
243.jpg 1 341 234 833 911
244.jpg 1 339 231 831 929
245.jpg 1 327 236 847 918
246.jpg 1 325 240 852 918
247.jpg 1 323 238 854 927
248.jpg 1 318 236 870 936
249.jpg 1 318 236 879 941
25.jpg 1 261 284 1044 923
250.jpg 1 325 247 879 927
251.jpg 1 327 245 884 946
252.jpg 1 327 252 900 939
253.jpg 1 330 252 909 946
254.jpg 1 332 252 913 948
255.jpg 1 323 245 927 962
256.jpg 1 318 245 941 966
257.jpg 1 321 245 946 973
258.jpg 1 325 250 936 966
259.jpg 1 325 250 934 959
26.jpg 1 282 311 1010 886
260.jpg 1 323 250 941 962
261.jpg 1 327 247 952 957
262.jpg 1 330 245 948 950
263.jpg 1 334 247 936 946
264.jpg 1 346 250 936 939
265.jpg 1 355 245 939 943
266.jpg 1 373 247 941 939
267.jpg 1 378 245 950 946
268.jpg 1 382 247 959 943
269.jpg 1 385 243 959 941
27.jpg 1 279 304 1010 891
270.jpg 1 373 243 975 936
271.jpg 1 355 240 984 934
272.jpg 1 327 238 1012 943
273.jpg 1 311 236 1030 950
274.jpg 1 279 231 1060 959
275.jpg 1 245 224 1097 987
276.jpg 1 220 229 1124 987
277.jpg 1 201 222 1152 1012
278.jpg 1 190 222 1163 1014
279.jpg 1 179 220 1184 1023
28.jpg 1 286 309 1005 886
280.jpg 1 181 217 1177 1026
281.jpg 1 183 217 1190 1039
282.jpg 1 195 215 1195 1044
283.jpg 1 204 215 1206 1049
284.jpg 1 215 211 1216 1055
285.jpg 1 215 208 1227 1062
286.jpg 1 213 204 1225 1074
287.jpg 1 204 204 1232 1076
288.jpg 1 197 199 1241 1071
289.jpg 1 192 195 1223 1071
29.jpg 1 288 307 1000 895
290.jpg 1 172 195 1227 1074
291.jpg 1 153 188 1227 1071
292.jpg 1 153 185 1213 1076
293.jpg 1 135 181 1216 1076
294.jpg 1 135 176 1197 1083
295.jpg 1 124 174 1193 1083
296.jpg 1 117 179 1188 1087
297.jpg 1 124 179 1179 1090
298.jpg 1 128 179 1172 1094
299.jpg 1 135 185 1172 1097
3.jpg 1 369 291 987 939
30.jpg 1 293 304 1000 893
300.jpg 1 144 185 1163 1099
301.jpg 1 144 185 1170 1115
302.jpg 1 153 192 1161 1117
303.jpg 1 163 190 1140 1119
304.jpg 1 167 190 1138 1122
305.jpg 1 172 181 1138 1131
306.jpg 1 172 174 1136 1138
307.jpg 1 172 172 1131 1142
308.jpg 1 167 172 1122 1140
309.jpg 1 169 169 1115 1142
31.jpg 1 293 309 996 881
310.jpg 1 172 169 1117 1145
311.jpg 1 169 160 1124 1161
312.jpg 1 183 160 1122 1152
313.jpg 1 181 156 1122 1131
314.jpg 1 185 149 1115 1133
315.jpg 1 176 140 1122 1133
316.jpg 1 172 133 1140 1154
317.jpg 1 169 133 1136 1152
318.jpg 1 158 124 1163 1165
319.jpg 1 151 121 1140 1163
32.jpg 1 295 307 991 897
320.jpg 1 137 119 1149 1172
321.jpg 1 124 121 1154 1170
322.jpg 1 103 124 1158 1181
323.jpg 1 87 119 1168 1190
324.jpg 1 73 124 1174 1186
325.jpg 1 69 121 1163 1181
326.jpg 1 64 121 1161 1190
327.jpg 1 60 124 1161 1177
328.jpg 1 60 130 1165 1163
329.jpg 1 69 121 1142 1170
33.jpg 1 298 307 978 881
330.jpg 1 78 133 1136 1152
331.jpg 1 92 126 1131 1165
332.jpg 1 110 144 1115 1145
333.jpg 1 128 156 1099 1136
334.jpg 1 147 167 1090 1119
335.jpg 1 156 179 1085 1117
336.jpg 1 174 185 1071 1110
337.jpg 1 176 188 1083 1099
338.jpg 1 181 190 1081 1103
339.jpg 1 192 190 1071 1099
34.jpg 1 298 307 982 891
340.jpg 1 199 195 1062 1078
341.jpg 1 208 195 1046 1083
342.jpg 1 213 199 1042 1067
343.jpg 1 215 199 1035 1058
344.jpg 1 215 204 1032 1058
345.jpg 1 220 213 1023 1046
346.jpg 1 208 204 1032 1051
347.jpg 1 208 204 1021 1049
348.jpg 1 190 213 1042 1044
349.jpg 1 190 213 1021 1032
35.jpg 1 291 300 966 900
350.jpg 1 197 215 1010 1028
351.jpg 1 201 213 1000 1037
352.jpg 1 204 217 994 1030
353.jpg 1 293 286 927 959
354.jpg 1 295 291 934 968
355.jpg 1 304 293 932 968
356.jpg 1 293 286 946 982
357.jpg 1 293 275 946 982
358.jpg 1 286 266 962 998
359.jpg 1 270 261 971 1007
36.jpg 1 309 311 932 895
360.jpg 1 298 270 936 994
361.jpg 1 293 288 959 996
362.jpg 1 318 298 936 1003
363.jpg 1 327 302 946 1005
364.jpg 1 337 307 948 1005
365.jpg 1 348 311 950 1005
366.jpg 1 357 314 952 1012
367.jpg 1 366 321 955 1016
368.jpg 1 371 330 955 1012
369.jpg 1 378 337 959 1012
37.jpg 1 307 316 920 902
370.jpg 1 380 341 966 1014
371.jpg 1 375 341 959 1014
372.jpg 1 364 341 964 1012
373.jpg 1 355 341 964 1000
374.jpg 1 350 341 962 996
375.jpg 1 353 337 948 987
376.jpg 1 346 337 948 996
377.jpg 1 332 337 948 989
378.jpg 1 327 330 950 984
379.jpg 1 327 318 952 984
38.jpg 1 309 316 900 893
380.jpg 1 323 311 957 989
381.jpg 1 327 304 952 991
382.jpg 1 327 307 955 982
383.jpg 1 337 302 950 994
384.jpg 1 343 304 943 984
385.jpg 1 334 300 952 989
386.jpg 1 327 300 957 987
387.jpg 1 332 300 946 994
388.jpg 1 332 300 946 996
389.jpg 1 323 298 952 998
39.jpg 1 304 314 893 900
390.jpg 1 316 300 962 991
391.jpg 1 309 293 955 996
392.jpg 1 302 291 966 987
393.jpg 1 293 282 966 1000
394.jpg 1 284 286 980 991
395.jpg 1 298 284 957 994
396.jpg 1 302 288 950 982
397.jpg 1 300 286 946 978
398.jpg 1 302 284 946 973
399.jpg 1 300 282 948 971
4.jpg 1 357 293 987 939
40.jpg 1 304 316 879 902
400.jpg 1 307 277 948 975
401.jpg 1 307 275 941 980
402.jpg 1 302 275 950 989
403.jpg 1 304 277 950 989
404.jpg 1 300 270 948 987
405.jpg 1 295 272 955 994
406.jpg 1 295 272 955 994
407.jpg 1 295 275 957 994
408.jpg 1 288 277 959 998
409.jpg 1 288 272 952 991
41.jpg 1 293 321 884 918
410.jpg 1 282 275 952 991
411.jpg 1 279 270 952 991
412.jpg 1 286 263 946 964
413.jpg 1 268 266 973 968
414.jpg 1 291 275 955 957
415.jpg 1 295 272 955 962
416.jpg 1 298 272 955 968
417.jpg 1 298 272 950 955
418.jpg 1 300 268 952 957
419.jpg 1 298 268 950 952
42.jpg 1 288 325 879 902
420.jpg 1 298 261 952 939
421.jpg 1 318 252 929 923
422.jpg 1 314 245 929 927
423.jpg 1 307 245 929 929
424.jpg 1 309 240 927 936
425.jpg 1 311 240 923 923
426.jpg 1 309 238 923 923
427.jpg 1 307 238 918 918
428.jpg 1 295 247 920 918
429.jpg 1 284 245 923 918
43.jpg 1 298 330 865 893
430.jpg 1 277 247 923 932
431.jpg 1 261 245 936 941
432.jpg 1 254 250 939 939
433.jpg 1 252 245 948 955
434.jpg 1 252 252 955 962
435.jpg 1 263 252 959 975
436.jpg 1 279 266 959 968
437.jpg 1 288 277 968 968
438.jpg 1 298 282 980 975
439.jpg 1 314 291 973 978
44.jpg 1 286 327 879 904
440.jpg 1 316 309 973 971
441.jpg 1 316 311 968 975
442.jpg 1 309 318 984 968
443.jpg 1 318 314 975 975
444.jpg 1 309 316 980 966
445.jpg 1 321 314 966 968
446.jpg 1 318 323 964 964
447.jpg 1 316 332 964 957
448.jpg 1 314 330 964 948
449.jpg 1 304 316 971 955
45.jpg 1 291 325 884 913
450.jpg 1 298 304 973 952
451.jpg 1 293 298 973 952
452.jpg 1 288 293 973 955
453.jpg 1 284 293 978 955
454.jpg 1 282 291 975 955
455.jpg 1 272 293 984 955
456.jpg 1 279 295 982 955
457.jpg 1 277 295 996 959
458.jpg 1 268 291 1000 971
459.jpg 1 279 284 1005 982
46.jpg 1 293 334 881 911
460.jpg 1 277 275 1021 994
461.jpg 1 268 277 1028 1000
462.jpg 1 261 275 1044 998
463.jpg 1 270 266 1039 1000
464.jpg 1 286 263 1028 1005
465.jpg 1 286 261 1046 1007
466.jpg 1 293 261 1030 1005
467.jpg 1 284 261 1037 1007
468.jpg 1 282 261 1039 1010
469.jpg 1 277 261 1030 1003
47.jpg 1 293 337 884 916
470.jpg 1 268 270 1026 1000
471.jpg 1 266 272 1019 996
472.jpg 1 254 279 1039 994
473.jpg 1 252 277 1037 1000
474.jpg 1 256 284 1028 998
475.jpg 1 252 288 1035 994
476.jpg 1 254 293 1042 1007
477.jpg 1 254 300 1037 1000
478.jpg 1 256 302 1039 1007
479.jpg 1 245 304 1055 1010
48.jpg 1 288 339 884 913
480.jpg 1 247 309 1053 1012
481.jpg 1 259 321 1044 1000
482.jpg 1 259 332 1042 1000
483.jpg 1 266 337 1042 998
484.jpg 1 266 339 1042 994
485.jpg 1 266 339 1039 1003
486.jpg 1 272 341 1037 989
487.jpg 1 266 339 1046 996
488.jpg 1 266 337 1053 1005
489.jpg 1 282 337 1044 998
49.jpg 1 291 337 886 927
490.jpg 1 284 332 1049 998
491.jpg 1 261 325 1071 996
492.jpg 1 275 316 1060 998
493.jpg 1 263 300 1067 1012
494.jpg 1 272 298 1055 1003
495.jpg 1 261 286 1055 1012
496.jpg 1 259 288 1058 1014
497.jpg 1 250 279 1069 1023
498.jpg 1 240 277 1078 1030
499.jpg 1 224 272 1085 1023
5.jpg 1 364 302 982 934
50.jpg 1 288 341 886 920
500.jpg 1 227 272 1069 1032
501.jpg 1 229 275 1062 1030
502.jpg 1 224 279 1069 1030
503.jpg 1 215 279 1083 1023
504.jpg 1 229 272 1071 1028
505.jpg 1 224 266 1081 1035
506.jpg 1 220 261 1078 1037
507.jpg 1 208 259 1092 1037
508.jpg 1 211 252 1087 1039
509.jpg 1 206 250 1097 1044
51.jpg 1 298 341 888 918
510.jpg 1 204 236 1108 1055
511.jpg 1 199 220 1113 1071
512.jpg 1 192 206 1124 1078
513.jpg 1 185 190 1138 1094
514.jpg 1 192 176 1142 1108
515.jpg 1 201 174 1154 1110
516.jpg 1 220 172 1149 1103
517.jpg 1 206 156 1177 1113
518.jpg 1 238 151 1145 1110
519.jpg 1 250 151 1152 1113
52.jpg 1 300 346 888 916
520.jpg 1 247 151 1165 1122
521.jpg 1 261 160 1152 1117
522.jpg 1 266 169 1152 1113
523.jpg 1 261 167 1158 1117
524.jpg 1 259 169 1161 1122
525.jpg 1 250 167 1161 1122
526.jpg 1 234 169 1158 1119
527.jpg 1 213 183 1145 1106
528.jpg 1 199 197 1129 1092
529.jpg 1 183 206 1126 1087
53.jpg 1 309 343 881 927
530.jpg 1 176 213 1110 1060
531.jpg 1 179 227 1097 1049
532.jpg 1 172 231 1085 1037
533.jpg 1 169 236 1078 1030
534.jpg 1 160 245 1069 1019
535.jpg 1 153 252 1076 1026
536.jpg 1 172 254 1058 1010
537.jpg 1 172 256 1062 1016
538.jpg 1 169 256 1085 1035
539.jpg 1 176 247 1087 1039
54.jpg 1 288 341 955 913
540.jpg 1 192 250 1069 1021
541.jpg 1 183 254 1071 1021
542.jpg 1 190 254 1058 1010
543.jpg 1 208 256 1032 984
544.jpg 1 217 259 1021 973
545.jpg 1 236 256 1014 968
546.jpg 1 243 250 1010 964
547.jpg 1 240 254 1007 962
548.jpg 1 240 261 978 934
549.jpg 1 217 250 994 948
55.jpg 1 321 339 877 909
550.jpg 1 234 247 982 936
551.jpg 1 238 240 994 948
552.jpg 1 229 229 1010 962
553.jpg 1 247 213 1023 978
554.jpg 1 268 201 1035 989
555.jpg 1 277 201 1035 989
556.jpg 1 291 213 1023 978
557.jpg 1 291 208 1042 994
558.jpg 1 302 215 1030 984
559.jpg 1 304 213 1037 989
56.jpg 1 327 332 881 907
560.jpg 1 311 208 1028 994
561.jpg 1 307 204 1028 996
562.jpg 1 304 208 1030 998
563.jpg 1 293 211 1035 1003
564.jpg 1 307 206 1046 1010
565.jpg 1 304 188 1060 1026
566.jpg 1 288 174 1083 1046
567.jpg 1 266 181 1074 1039
568.jpg 1 236 199 1067 1032
569.jpg 1 231 234 1030 996
57.jpg 1 339 330 877 902
570.jpg 1 231 268 982 971
571.jpg 1 211 282 996 955
572.jpg 1 229 284 978 950
573.jpg 1 236 275 980 950
574.jpg 1 245 266 978 964
575.jpg 1 256 254 982 975
576.jpg 1 268 259 1000 971
577.jpg 1 300 277 982 955
578.jpg 1 314 291 968 948
579.jpg 1 323 309 955 925
58.jpg 1 346 321 881 918
580.jpg 1 334 323 929 904
581.jpg 1 332 341 916 877
582.jpg 1 339 359 888 854
583.jpg 1 334 371 870 838
584.jpg 1 337 380 856 826
585.jpg 1 339 382 856 824
586.jpg 1 355 387 845 815
587.jpg 1 369 391 845 815
588.jpg 1 378 398 840 810
589.jpg 1 387 405 840 808
59.jpg 1 350 318 891 916
590.jpg 1 387 408 840 792
591.jpg 1 391 412 831 785
592.jpg 1 380 412 842 785
593.jpg 1 387 412 815 778
594.jpg 1 391 414 808 772
595.jpg 1 387 419 815 769
596.jpg 1 387 424 824 778
597.jpg 1 391 426 820 778
598.jpg 1 405 424 806 765
599.jpg 1 398 424 808 760
6.jpg 1 362 304 978 923
60.jpg 1 362 318 884 925
600.jpg 1 394 421 808 762
601.jpg 1 394 426 797 753
602.jpg 1 389 419 792 751
603.jpg 1 382 419 804 753
604.jpg 1 385 417 797 755
605.jpg 1 380 412 801 758
606.jpg 1 375 398 813 776
607.jpg 1 378 391 797 762
608.jpg 1 378 396 797 765
609.jpg 1 380 396 790 751
61.jpg 1 373 323 886 927
610.jpg 1 391 394 783 746
611.jpg 1 398 382 790 753
612.jpg 1 403 364 797 762
613.jpg 1 405 357 804 760
614.jpg 1 403 346 815 774
615.jpg 1 410 339 799 772
616.jpg 1 412 332 808 781
617.jpg 1 426 327 810 783
618.jpg 1 433 325 815 788
619.jpg 1 428 318 817 799
62.jpg 1 382 321 893 929
620.jpg 1 410 318 826 799
621.jpg 1 394 314 840 810
622.jpg 1 389 302 838 820
623.jpg 1 385 298 845 833
624.jpg 1 382 298 847 826
625.jpg 1 385 302 845 824
626.jpg 1 380 300 849 829
627.jpg 1 378 295 854 836
628.jpg 1 389 298 847 833
629.jpg 1 385 302 852 826
63.jpg 1 394 323 897 932
630.jpg 1 389 302 838 836
631.jpg 1 387 307 838 824
632.jpg 1 387 302 849 838
633.jpg 1 385 302 842 833
634.jpg 1 375 302 856 836
635.jpg 1 378 302 854 840
636.jpg 1 369 300 854 849
637.jpg 1 362 295 847 849
638.jpg 1 357 304 847 845
639.jpg 1 355 307 849 842
64.jpg 1 401 323 897 943
640.jpg 1 357 309 840 836
641.jpg 1 355 307 840 840
642.jpg 1 339 302 854 849
643.jpg 1 341 291 856 859
644.jpg 1 341 279 870 868
645.jpg 1 341 277 877 870
646.jpg 1 355 268 872 872
647.jpg 1 371 266 868 868
648.jpg 1 380 263 863 865
649.jpg 1 398 259 859 868
65.jpg 1 396 325 909 941
650.jpg 1 419 256 868 868
651.jpg 1 428 252 875 875
652.jpg 1 451 245 875 877
653.jpg 1 460 245 875 875
654.jpg 1 462 250 875 877
655.jpg 1 456 247 881 881
656.jpg 1 456 252 872 881
657.jpg 1 435 254 872 886
658.jpg 1 421 256 875 891
659.jpg 1 396 261 872 879
66.jpg 1 403 327 907 943
660.jpg 1 387 252 868 904
661.jpg 1 385 247 856 891
662.jpg 1 375 245 861 895
663.jpg 1 380 247 865 900
664.jpg 1 380 252 861 893
665.jpg 1 378 259 868 902
666.jpg 1 375 268 861 895
667.jpg 1 373 266 854 888
668.jpg 1 362 275 859 893
669.jpg 1 348 272 865 902
67.jpg 1 396 321 916 952
670.jpg 1 350 277 863 900
671.jpg 1 346 277 870 907
672.jpg 1 350 275 868 904
673.jpg 1 348 275 875 911
674.jpg 1 359 266 863 897
675.jpg 1 359 263 865 902
676.jpg 1 366 261 865 900
677.jpg 1 371 266 861 893
678.jpg 1 378 266 863 900
679.jpg 1 378 256 870 907
68.jpg 1 394 311 918 955
680.jpg 1 387 254 870 907
681.jpg 1 396 256 877 911
682.jpg 1 394 252 877 911
683.jpg 1 391 245 884 920
684.jpg 1 394 238 881 918
685.jpg 1 389 243 875 911
686.jpg 1 380 236 884 920
687.jpg 1 371 243 877 913
688.jpg 1 366 245 872 909
689.jpg 1 364 245 872 909
69.jpg 1 391 318 907 943
690.jpg 1 359 234 872 909
691.jpg 1 353 234 868 904
692.jpg 1 341 234 872 909
693.jpg 1 330 236 877 913
694.jpg 1 330 236 870 907
695.jpg 1 318 231 868 904
696.jpg 1 311 229 872 909
697.jpg 1 307 229 877 913
698.jpg 1 304 217 881 918
699.jpg 1 304 217 879 916
7.jpg 1 353 307 984 923
70.jpg 1 391 318 904 943
700.jpg 1 295 217 893 920
701.jpg 1 302 215 884 920
702.jpg 1 307 213 886 925
703.jpg 1 307 206 888 925
704.jpg 1 304 204 888 929
705.jpg 1 304 190 902 946
706.jpg 1 298 199 902 932
707.jpg 1 309 199 888 936
708.jpg 1 300 199 900 936
709.jpg 1 298 197 893 934
71.jpg 1 382 316 907 950
710.jpg 1 298 195 891 939
711.jpg 1 284 190 904 939
712.jpg 1 282 188 895 943
713.jpg 1 282 197 902 943
714.jpg 1 284 188 895 948
715.jpg 1 295 192 893 948
716.jpg 1 307 215 893 934
717.jpg 1 330 220 877 929
718.jpg 1 334 234 875 918
719.jpg 1 343 243 872 916
72.jpg 1 378 309 913 952
720.jpg 1 348 247 875 916
721.jpg 1 355 245 877 923
722.jpg 1 357 250 888 934
723.jpg 1 364 252 886 923
724.jpg 1 373 245 888 936
725.jpg 1 369 247 904 936
726.jpg 1 382 245 886 934
727.jpg 1 385 250 893 936
728.jpg 1 387 240 884 941
729.jpg 1 362 240 907 948
73.jpg 1 375 307 904 955
730.jpg 1 355 234 897 964
731.jpg 1 341 222 913 978
732.jpg 1 341 211 909 989
733.jpg 1 318 217 927 978
734.jpg 1 314 208 925 991
735.jpg 1 311 217 929 980
736.jpg 1 300 222 927 989
737.jpg 1 282 224 934 989
738.jpg 1 275 227 941 996
739.jpg 1 272 231 936 1000
74.jpg 1 375 316 895 932
740.jpg 1 266 227 948 1005
741.jpg 1 268 217 939 996
742.jpg 1 270 206 943 1019
743.jpg 1 270 197 957 1021
744.jpg 1 272 199 959 1023
745.jpg 1 270 192 964 1032
746.jpg 1 266 195 980 1044
747.jpg 1 266 188 984 1060
748.jpg 1 270 195 982 1053
749.jpg 1 268 190 987 1053
75.jpg 1 378 314 881 925
750.jpg 1 266 183 994 1058
751.jpg 1 268 169 1000 1069
752.jpg 1 272 165 1007 1078
753.jpg 1 284 165 1014 1090
754.jpg 1 291 167 1026 1099
76.jpg 1 373 311 877 923
77.jpg 1 359 295 904 934
78.jpg 1 359 304 897 920
79.jpg 1 355 307 893 918
8.jpg 1 337 298 1012 939
80.jpg 1 348 311 907 913
81.jpg 1 350 314 897 911
82.jpg 1 341 314 907 923
83.jpg 1 350 311 900 916
84.jpg 1 339 325 911 907
85.jpg 1 330 325 913 911
86.jpg 1 332 323 907 923
87.jpg 1 323 327 909 920
88.jpg 1 309 327 916 909
89.jpg 1 314 337 907 902
9.jpg 1 323 298 1028 927
90.jpg 1 304 332 904 904
91.jpg 1 286 337 918 893
92.jpg 1 282 327 909 897
93.jpg 1 291 332 902 900
94.jpg 1 288 339 900 886
95.jpg 1 288 337 909 893
96.jpg 1 300 339 909 884
97.jpg 1 307 337 907 893
98.jpg 1 298 332 925 888
99.jpg 1 309 323 925 893